######
Unsafe:  [58, 59, 62, 63, 64, 63]
Unsafe:  [58, 59, 62, 63, 63]
Safe:    [58, 59, 62, 63, 64]
######
Unsafe:  [71, 72, 74, 76, 78, 80, 82, 82]
Safe:    [71, 72, 74, 76, 78, 80, 82]
######
Unsafe:  [26, 29, 32, 34, 35, 39]
Unsafe:  [26, 29, 32, 34, 39]
Safe:    [26, 29, 32, 34, 35]
######
Unsafe:  [9, 11, 14, 17, 19, 20, 21, 26]
Unsafe:  [9, 11, 14, 17, 19, 20, 26]
Safe:    [9, 11, 14, 17, 19, 20, 21]
######
Unsafe:  [89, 92, 95, 93, 94, 97, 98]
Safe:    [89, 92, 93, 94, 97, 98]
######
Unsafe:  [35, 37, 40, 41, 43, 42, 39]
Unsafe:  [35, 37, 40, 41, 42, 39]
Unsafe:  [35, 37, 40, 41, 43, 39]
Unsafe-ish!
######
Unsafe:  [89, 91, 94, 96, 97, 99, 98, 98]
Unsafe:  [89, 91, 94, 96, 97, 98, 98]
Unsafe:  [89, 91, 94, 96, 97, 99, 98]
Unsafe-ish!
######
Unsafe:  [85, 86, 83, 84, 85, 86, 90]
Unsafe:  [85, 83, 84, 85, 86, 90]
Unsafe:  [85, 86, 84, 85, 86, 90]
Unsafe-ish!
######
Unsafe:  [46, 48, 50, 52, 49, 52, 59]
Unsafe:  [46, 48, 50, 49, 52, 59]
Unsafe:  [46, 48, 50, 52, 52, 59]
Unsafe-ish!
######
Unsafe:  [56, 58, 58, 60, 62]
Safe:    [56, 58, 60, 62]
######
Unsafe:  [77, 79, 82, 83, 86, 87, 87, 85]
Unsafe:  [77, 79, 82, 83, 86, 87, 85]
Unsafe:  [77, 79, 82, 83, 86, 87, 85]
Unsafe-ish!
######
Unsafe:  [5, 6, 9, 9, 12, 15, 15]
Unsafe:  [5, 6, 9, 12, 15, 15]
Unsafe:  [5, 6, 9, 12, 15, 15]
Unsafe-ish!
######
Unsafe:  [78, 80, 80, 82, 83, 84, 88]
Unsafe:  [78, 80, 82, 83, 84, 88]
Unsafe:  [78, 80, 82, 83, 84, 88]
Unsafe-ish!
######
Unsafe:  [78, 81, 83, 85, 86, 86, 88, 94]
Unsafe:  [78, 81, 83, 85, 86, 88, 94]
Unsafe:  [78, 81, 83, 85, 86, 88, 94]
Unsafe-ish!
######
Unsafe:  [80, 81, 83, 84, 88, 91]
Unsafe:  [80, 81, 83, 88, 91]
Unsafe:  [80, 81, 83, 84, 91]
Unsafe-ish!
######
Unsafe:  [10, 13, 16, 17, 21, 19]
Unsafe:  [10, 13, 16, 21, 19]
Safe:    [10, 13, 16, 17, 19]
######
Unsafe:  [14, 16, 19, 22, 23, 24, 28, 28]
Unsafe:  [14, 16, 19, 22, 23, 28, 28]
Unsafe:  [14, 16, 19, 22, 23, 24, 28]
Unsafe-ish!
######
Unsafe:  [11, 12, 14, 17, 19, 23, 27]
Unsafe:  [11, 12, 14, 17, 23, 27]
Unsafe:  [11, 12, 14, 17, 19, 27]
Unsafe-ish!
######
Unsafe:  [68, 71, 72, 73, 76, 80, 86]
Unsafe:  [68, 71, 72, 73, 80, 86]
Unsafe:  [68, 71, 72, 73, 76, 86]
Unsafe-ish!
######
Unsafe:  [78, 79, 82, 87, 88]
Unsafe:  [78, 79, 87, 88]
Unsafe:  [78, 79, 82, 88]
Unsafe-ish!
######
Unsafe:  [53, 56, 58, 64, 62]
Unsafe:  [53, 56, 64, 62]
Unsafe:  [53, 56, 58, 62]
Unsafe-ish!
######
Unsafe:  [44, 46, 49, 56, 56]
Unsafe:  [44, 46, 56, 56]
Unsafe:  [44, 46, 49, 56]
Unsafe-ish!
######
Unsafe:  [29, 31, 32, 33, 36, 37, 43, 47]
Unsafe:  [29, 31, 32, 33, 36, 43, 47]
Unsafe:  [29, 31, 32, 33, 36, 37, 47]
Unsafe-ish!
######
Unsafe:  [38, 41, 43, 44, 49, 50, 53, 59]
Unsafe:  [38, 41, 43, 49, 50, 53, 59]
Unsafe:  [38, 41, 43, 44, 50, 53, 59]
Unsafe-ish!
######
Unsafe:  [28, 27, 30, 32, 35, 36, 38]
Safe:    [27, 30, 32, 35, 36, 38]
######
Unsafe:  [48, 46, 47, 50, 53, 50]
Unsafe:  [46, 47, 50, 53, 50]
Unsafe:  [48, 47, 50, 53, 50]
Unsafe-ish!
######
Unsafe:  [23, 22, 25, 28, 28]
Unsafe:  [22, 25, 28, 28]
Unsafe:  [23, 25, 28, 28]
Unsafe-ish!
######
Unsafe:  [16, 15, 17, 19, 21, 23, 27]
Unsafe:  [15, 17, 19, 21, 23, 27]
Unsafe:  [16, 17, 19, 21, 23, 27]
Unsafe-ish!
######
Unsafe:  [34, 32, 33, 35, 37, 40, 43, 48]
Unsafe:  [32, 33, 35, 37, 40, 43, 48]
Unsafe:  [34, 33, 35, 37, 40, 43, 48]
Unsafe-ish!
######
Unsafe:  [83, 80, 81, 82, 79, 82, 83]
Unsafe:  [80, 81, 82, 79, 82, 83]
Unsafe:  [83, 81, 82, 79, 82, 83]
Unsafe-ish!
######
Unsafe:  [68, 67, 65, 66, 68, 70, 69]
Unsafe:  [67, 65, 66, 68, 70, 69]
Unsafe:  [68, 65, 66, 68, 70, 69]
Unsafe-ish!
######
Unsafe:  [86, 84, 86, 83, 84, 85, 85]
Unsafe:  [84, 86, 83, 84, 85, 85]
Unsafe:  [86, 86, 83, 84, 85, 85]
Unsafe-ish!
######
Unsafe:  [65, 64, 67, 68, 66, 70]
Unsafe:  [64, 67, 68, 66, 70]
Unsafe:  [65, 67, 68, 66, 70]
Unsafe-ish!
######
Unsafe:  [40, 39, 42, 45, 43, 49]
Unsafe:  [39, 42, 45, 43, 49]
Unsafe:  [40, 42, 45, 43, 49]
Unsafe-ish!
######
Unsafe:  [32, 29, 30, 30, 32, 34, 35]
Unsafe:  [29, 30, 30, 32, 34, 35]
Unsafe:  [32, 30, 30, 32, 34, 35]
Unsafe-ish!
######
Unsafe:  [93, 90, 90, 92, 95, 97, 94]
Unsafe:  [90, 90, 92, 95, 97, 94]
Unsafe:  [93, 90, 92, 95, 97, 94]
Unsafe-ish!
######
Unsafe:  [17, 15, 16, 18, 20, 20, 20]
Unsafe:  [15, 16, 18, 20, 20, 20]
Unsafe:  [17, 16, 18, 20, 20, 20]
Unsafe-ish!
######
Unsafe:  [82, 81, 84, 84, 86, 90]
Unsafe:  [81, 84, 84, 86, 90]
Unsafe:  [82, 84, 84, 86, 90]
Unsafe-ish!
######
Unsafe:  [71, 69, 72, 73, 75, 76, 76, 83]
Unsafe:  [69, 72, 73, 75, 76, 76, 83]
Unsafe:  [71, 72, 73, 75, 76, 76, 83]
Unsafe-ish!
######
Unsafe:  [12, 11, 15, 16, 18]
Unsafe:  [11, 15, 16, 18]
Safe:    [12, 15, 16, 18]
######
Unsafe:  [75, 73, 77, 78, 77]
Unsafe:  [73, 77, 78, 77]
Unsafe:  [75, 77, 78, 77]
Unsafe-ish!
######
Unsafe:  [10, 8, 12, 13, 13]
Unsafe:  [8, 12, 13, 13]
Unsafe:  [10, 12, 13, 13]
Unsafe-ish!
######
Unsafe:  [25, 23, 26, 30, 32, 34, 38]
Unsafe:  [23, 26, 30, 32, 34, 38]
Unsafe:  [25, 26, 30, 32, 34, 38]
Unsafe-ish!
######
Unsafe:  [10, 7, 11, 12, 13, 15, 18, 25]
Unsafe:  [7, 11, 12, 13, 15, 18, 25]
Unsafe:  [10, 11, 12, 13, 15, 18, 25]
Unsafe-ish!
######
Unsafe:  [41, 39, 41, 44, 47, 52, 53, 55]
Unsafe:  [39, 41, 44, 47, 52, 53, 55]
Unsafe:  [41, 41, 44, 47, 52, 53, 55]
Unsafe-ish!
######
Unsafe:  [22, 19, 26, 28, 26]
Unsafe:  [19, 26, 28, 26]
Unsafe:  [22, 26, 28, 26]
Unsafe-ish!
######
Unsafe:  [54, 53, 55, 62, 62]
Unsafe:  [53, 55, 62, 62]
Unsafe:  [54, 55, 62, 62]
Unsafe-ish!
######
Unsafe:  [31, 30, 31, 38, 42]
Unsafe:  [30, 31, 38, 42]
Unsafe:  [31, 31, 38, 42]
Unsafe-ish!
######
Unsafe:  [63, 60, 62, 67, 72]
Unsafe:  [60, 62, 67, 72]
Unsafe:  [63, 62, 67, 72]
Unsafe-ish!
######
Unsafe:  [49, 49, 52, 55, 58, 60, 62]
Safe:    [49, 52, 55, 58, 60, 62]
######
Unsafe:  [59, 59, 60, 61, 62, 64, 62]
Unsafe:  [59, 60, 61, 62, 64, 62]
Unsafe:  [59, 60, 61, 62, 64, 62]
Unsafe-ish!
######
Unsafe:  [19, 19, 20, 22, 22]
Unsafe:  [19, 20, 22, 22]
Unsafe:  [19, 20, 22, 22]
Unsafe-ish!
######
Unsafe:  [81, 81, 82, 84, 88]
Unsafe:  [81, 82, 84, 88]
Unsafe:  [81, 82, 84, 88]
Unsafe-ish!
######
Unsafe:  [17, 17, 18, 19, 21, 23, 30]
Unsafe:  [17, 18, 19, 21, 23, 30]
Unsafe:  [17, 18, 19, 21, 23, 30]
Unsafe-ish!
######
Unsafe:  [9, 9, 10, 12, 9, 11, 14]
Unsafe:  [9, 10, 12, 9, 11, 14]
Unsafe:  [9, 10, 12, 9, 11, 14]
Unsafe-ish!
######
Unsafe:  [59, 59, 60, 63, 61, 60]
Unsafe:  [59, 60, 63, 61, 60]
Unsafe:  [59, 60, 63, 61, 60]
Unsafe-ish!
######
Unsafe:  [68, 68, 67, 68, 70, 70]
Unsafe:  [68, 67, 68, 70, 70]
Unsafe:  [68, 67, 68, 70, 70]
Unsafe-ish!
######
Unsafe:  [10, 10, 13, 10, 13, 16, 19, 23]
Unsafe:  [10, 13, 10, 13, 16, 19, 23]
Unsafe:  [10, 13, 10, 13, 16, 19, 23]
Unsafe-ish!
######
Unsafe:  [17, 17, 19, 21, 24, 23, 26, 31]
Unsafe:  [17, 19, 21, 24, 23, 26, 31]
Unsafe:  [17, 19, 21, 24, 23, 26, 31]
Unsafe-ish!
######
Unsafe:  [68, 68, 70, 70, 73, 75, 77, 80]
Unsafe:  [68, 70, 70, 73, 75, 77, 80]
Unsafe:  [68, 70, 70, 73, 75, 77, 80]
Unsafe-ish!
######
Unsafe:  [58, 58, 61, 61, 60]
Unsafe:  [58, 61, 61, 60]
Unsafe:  [58, 61, 61, 60]
Unsafe-ish!
######
Unsafe:  [64, 64, 66, 67, 70, 72, 72, 72]
Unsafe:  [64, 66, 67, 70, 72, 72, 72]
Unsafe:  [64, 66, 67, 70, 72, 72, 72]
Unsafe-ish!
######
Unsafe:  [82, 82, 82, 84, 85, 87, 91]
Unsafe:  [82, 82, 84, 85, 87, 91]
Unsafe:  [82, 82, 84, 85, 87, 91]
Unsafe-ish!
######
Unsafe:  [79, 79, 79, 82, 89]
Unsafe:  [79, 79, 82, 89]
Unsafe:  [79, 79, 82, 89]
Unsafe-ish!
######
Unsafe:  [31, 31, 35, 36, 39]
Unsafe:  [31, 35, 36, 39]
Unsafe:  [31, 35, 36, 39]
Unsafe-ish!
######
Unsafe:  [39, 39, 40, 44, 41]
Unsafe:  [39, 40, 44, 41]
Unsafe:  [39, 40, 44, 41]
Unsafe-ish!
######
Unsafe:  [44, 44, 45, 49, 52, 53, 53]
Unsafe:  [44, 45, 49, 52, 53, 53]
Unsafe:  [44, 45, 49, 52, 53, 53]
Unsafe-ish!
######
Unsafe:  [42, 42, 43, 47, 49, 53]
Unsafe:  [42, 43, 47, 49, 53]
Unsafe:  [42, 43, 47, 49, 53]
Unsafe-ish!
######
Unsafe:  [6, 6, 7, 10, 14, 15, 22]
Unsafe:  [6, 7, 10, 14, 15, 22]
Unsafe:  [6, 7, 10, 14, 15, 22]
Unsafe-ish!
######
Unsafe:  [17, 17, 18, 23, 24, 26, 29]
Unsafe:  [17, 18, 23, 24, 26, 29]
Unsafe:  [17, 18, 23, 24, 26, 29]
Unsafe-ish!
######
Unsafe:  [71, 71, 73, 76, 81, 82, 81]
Unsafe:  [71, 73, 76, 81, 82, 81]
Unsafe:  [71, 73, 76, 81, 82, 81]
Unsafe-ish!
######
Unsafe:  [1, 1, 3, 9, 12, 12]
Unsafe:  [1, 3, 9, 12, 12]
Unsafe:  [1, 3, 9, 12, 12]
Unsafe-ish!
######
Unsafe:  [26, 26, 27, 28, 29, 30, 37, 41]
Unsafe:  [26, 27, 28, 29, 30, 37, 41]
Unsafe:  [26, 27, 28, 29, 30, 37, 41]
Unsafe-ish!
######
Unsafe:  [79, 79, 80, 85, 86, 93]
Unsafe:  [79, 80, 85, 86, 93]
Unsafe:  [79, 80, 85, 86, 93]
Unsafe-ish!
######
Unsafe:  [69, 73, 75, 78, 80, 81]
Safe:    [73, 75, 78, 80, 81]
######
Unsafe:  [44, 48, 49, 50, 47]
Unsafe:  [48, 49, 50, 47]
Unsafe:  [44, 49, 50, 47]
Unsafe-ish!
######
Unsafe:  [21, 25, 27, 30, 33, 36, 39, 39]
Unsafe:  [25, 27, 30, 33, 36, 39, 39]
Unsafe:  [21, 27, 30, 33, 36, 39, 39]
Unsafe-ish!
######
Unsafe:  [52, 56, 59, 62, 65, 67, 71]
Unsafe:  [56, 59, 62, 65, 67, 71]
Unsafe:  [52, 59, 62, 65, 67, 71]
Unsafe-ish!
######
Unsafe:  [7, 11, 12, 13, 14, 21]
Unsafe:  [11, 12, 13, 14, 21]
Unsafe:  [7, 12, 13, 14, 21]
Unsafe-ish!
######
Unsafe:  [65, 69, 72, 75, 78, 77, 80]
Unsafe:  [69, 72, 75, 78, 77, 80]
Unsafe:  [65, 72, 75, 78, 77, 80]
Unsafe-ish!
######
Unsafe:  [53, 57, 60, 63, 64, 66, 65, 64]
Unsafe:  [57, 60, 63, 64, 66, 65, 64]
Unsafe:  [53, 60, 63, 64, 66, 65, 64]
Unsafe-ish!
######
Unsafe:  [85, 89, 91, 94, 96, 94, 94]
Unsafe:  [89, 91, 94, 96, 94, 94]
Unsafe:  [85, 91, 94, 96, 94, 94]
Unsafe-ish!
######
Unsafe:  [80, 84, 81, 83, 85, 89]
Unsafe:  [84, 81, 83, 85, 89]
Unsafe:  [80, 81, 83, 85, 89]
Unsafe-ish!
######
Unsafe:  [56, 60, 61, 63, 64, 61, 63, 68]
Unsafe:  [60, 61, 63, 64, 61, 63, 68]
Unsafe:  [56, 61, 63, 64, 61, 63, 68]
Unsafe-ish!
######
Unsafe:  [42, 46, 47, 50, 50, 52, 55]
Unsafe:  [46, 47, 50, 50, 52, 55]
Unsafe:  [42, 47, 50, 50, 52, 55]
Unsafe-ish!
######
Unsafe:  [85, 89, 90, 90, 87]
Unsafe:  [89, 90, 90, 87]
Unsafe:  [85, 90, 90, 87]
Unsafe-ish!
######
Unsafe:  [71, 75, 77, 80, 81, 81, 81]
Unsafe:  [75, 77, 80, 81, 81, 81]
Unsafe:  [71, 77, 80, 81, 81, 81]
Unsafe-ish!
######
Unsafe:  [52, 56, 57, 58, 58, 61, 62, 66]
Unsafe:  [56, 57, 58, 58, 61, 62, 66]
Unsafe:  [52, 57, 58, 58, 61, 62, 66]
Unsafe-ish!
######
Unsafe:  [69, 73, 76, 76, 81]
Unsafe:  [73, 76, 76, 81]
Unsafe:  [69, 76, 76, 81]
Unsafe-ish!
######
Unsafe:  [22, 26, 28, 30, 34, 37, 40]
Unsafe:  [26, 28, 30, 34, 37, 40]
Unsafe:  [22, 28, 30, 34, 37, 40]
Unsafe-ish!
######
Unsafe:  [68, 72, 76, 77, 79, 77]
Unsafe:  [72, 76, 77, 79, 77]
Unsafe:  [68, 76, 77, 79, 77]
Unsafe-ish!
######
Unsafe:  [43, 47, 48, 51, 55, 56, 56]
Unsafe:  [47, 48, 51, 55, 56, 56]
Unsafe:  [43, 48, 51, 55, 56, 56]
Unsafe-ish!
######
Unsafe:  [49, 53, 55, 56, 60, 61, 65]
Unsafe:  [53, 55, 56, 60, 61, 65]
Unsafe:  [49, 55, 56, 60, 61, 65]
Unsafe-ish!
######
Unsafe:  [30, 34, 38, 39, 42, 43, 45, 50]
Unsafe:  [34, 38, 39, 42, 43, 45, 50]
Unsafe:  [30, 38, 39, 42, 43, 45, 50]
Unsafe-ish!
######
Unsafe:  [41, 45, 51, 54, 55, 57]
Unsafe:  [45, 51, 54, 55, 57]
Unsafe:  [41, 51, 54, 55, 57]
Unsafe-ish!
######
Unsafe:  [24, 28, 29, 36, 38, 37]
Unsafe:  [28, 29, 36, 38, 37]
Unsafe:  [24, 29, 36, 38, 37]
Unsafe-ish!
######
Unsafe:  [45, 49, 54, 56, 56]
Unsafe:  [49, 54, 56, 56]
Unsafe:  [45, 54, 56, 56]
Unsafe-ish!
######
Unsafe:  [15, 19, 25, 26, 29, 31, 35]
Unsafe:  [19, 25, 26, 29, 31, 35]
Unsafe:  [15, 25, 26, 29, 31, 35]
Unsafe-ish!
######
Unsafe:  [59, 63, 64, 70, 75]
Unsafe:  [63, 64, 70, 75]
Unsafe:  [59, 64, 70, 75]
Unsafe-ish!
######
Unsafe:  [75, 80, 83, 85, 86, 87, 88, 89]
Safe:    [80, 83, 85, 86, 87, 88, 89]
######
Unsafe:  [32, 39, 41, 42, 40]
Unsafe:  [39, 41, 42, 40]
Unsafe:  [32, 41, 42, 40]
Unsafe-ish!
######
Unsafe:  [35, 41, 44, 46, 49, 52, 54, 54]
Unsafe:  [41, 44, 46, 49, 52, 54, 54]
Unsafe:  [35, 44, 46, 49, 52, 54, 54]
Unsafe-ish!
######
Unsafe:  [13, 20, 23, 24, 26, 30]
Unsafe:  [20, 23, 24, 26, 30]
Unsafe:  [13, 23, 24, 26, 30]
Unsafe-ish!
######
Unsafe:  [16, 21, 22, 23, 24, 31]
Unsafe:  [21, 22, 23, 24, 31]
Unsafe:  [16, 22, 23, 24, 31]
Unsafe-ish!
######
Unsafe:  [42, 48, 50, 51, 48, 50]
Unsafe:  [48, 50, 51, 48, 50]
Unsafe:  [42, 50, 51, 48, 50]
Unsafe-ish!
######
Unsafe:  [16, 21, 20, 22, 24, 23]
Unsafe:  [21, 20, 22, 24, 23]
Unsafe:  [16, 20, 22, 24, 23]
Unsafe-ish!
######
Unsafe:  [32, 39, 40, 37, 38, 40, 43, 43]
Unsafe:  [39, 40, 37, 38, 40, 43, 43]
Unsafe:  [32, 40, 37, 38, 40, 43, 43]
Unsafe-ish!
######
Unsafe:  [4, 9, 12, 14, 15, 17, 16, 20]
Unsafe:  [9, 12, 14, 15, 17, 16, 20]
Unsafe:  [4, 12, 14, 15, 17, 16, 20]
Unsafe-ish!
######
Unsafe:  [41, 46, 48, 50, 49, 54]
Unsafe:  [46, 48, 50, 49, 54]
Unsafe:  [41, 48, 50, 49, 54]
Unsafe-ish!
######
Unsafe:  [64, 71, 72, 75, 76, 77, 77, 79]
Unsafe:  [71, 72, 75, 76, 77, 77, 79]
Unsafe:  [64, 72, 75, 76, 77, 77, 79]
Unsafe-ish!
######
Unsafe:  [66, 72, 73, 73, 75, 73]
Unsafe:  [72, 73, 73, 75, 73]
Unsafe:  [66, 73, 73, 75, 73]
Unsafe-ish!
######
Unsafe:  [63, 68, 69, 69, 72, 72]
Unsafe:  [68, 69, 69, 72, 72]
Unsafe:  [63, 69, 69, 72, 72]
Unsafe-ish!
######
Unsafe:  [5, 12, 15, 15, 18, 22]
Unsafe:  [12, 15, 15, 18, 22]
Unsafe:  [5, 15, 15, 18, 22]
Unsafe-ish!
######
Unsafe:  [63, 68, 70, 73, 73, 75, 76, 81]
Unsafe:  [68, 70, 73, 73, 75, 76, 81]
Unsafe:  [63, 70, 73, 73, 75, 76, 81]
Unsafe-ish!
######
Unsafe:  [52, 57, 58, 62, 64, 67]
Unsafe:  [57, 58, 62, 64, 67]
Unsafe:  [52, 58, 62, 64, 67]
Unsafe-ish!
######
Unsafe:  [15, 21, 23, 27, 28, 30, 29]
Unsafe:  [21, 23, 27, 28, 30, 29]
Unsafe:  [15, 23, 27, 28, 30, 29]
Unsafe-ish!
######
Unsafe:  [35, 42, 43, 46, 50, 50]
Unsafe:  [42, 43, 46, 50, 50]
Unsafe:  [35, 43, 46, 50, 50]
Unsafe-ish!
######
Unsafe:  [68, 75, 77, 78, 82, 85, 88, 92]
Unsafe:  [75, 77, 78, 82, 85, 88, 92]
Unsafe:  [68, 77, 78, 82, 85, 88, 92]
Unsafe-ish!
######
Unsafe:  [31, 38, 42, 45, 51]
Unsafe:  [38, 42, 45, 51]
Unsafe:  [31, 42, 45, 51]
Unsafe-ish!
######
Unsafe:  [7, 14, 16, 17, 23, 26, 27]
Unsafe:  [14, 16, 17, 23, 26, 27]
Unsafe:  [7, 16, 17, 23, 26, 27]
Unsafe-ish!
######
Unsafe:  [41, 48, 51, 56, 58, 57]
Unsafe:  [48, 51, 56, 58, 57]
Unsafe:  [41, 51, 56, 58, 57]
Unsafe-ish!
######
Unsafe:  [73, 80, 86, 87, 90, 90]
Unsafe:  [80, 86, 87, 90, 90]
Unsafe:  [73, 86, 87, 90, 90]
Unsafe-ish!
######
Unsafe:  [5, 11, 13, 20, 24]
Unsafe:  [11, 13, 20, 24]
Unsafe:  [5, 13, 20, 24]
Unsafe-ish!
######
Unsafe:  [68, 74, 77, 80, 87, 92]
Unsafe:  [74, 77, 80, 87, 92]
Unsafe:  [68, 77, 80, 87, 92]
Unsafe-ish!
######
Unsafe:  [94, 92, 91, 90, 88, 91]
Unsafe:  [92, 91, 90, 88, 91]
Unsafe:  [94, 91, 90, 88, 91]
Unsafe-ish!
######
Unsafe:  [42, 39, 38, 37, 34, 34]
Safe:    [42, 39, 38, 37, 34]
######
Unsafe:  [77, 74, 71, 69, 67, 66, 62]
Unsafe:  [77, 74, 71, 69, 67, 62]
Safe:    [77, 74, 71, 69, 67, 66]
######
Unsafe:  [76, 75, 73, 72, 70, 67, 65, 59]
Unsafe:  [76, 75, 73, 72, 70, 67, 59]
Safe:    [76, 75, 73, 72, 70, 67, 65]
######
Unsafe:  [27, 25, 24, 27, 26, 24, 22]
Unsafe:  [25, 24, 27, 26, 24, 22]
Unsafe:  [27, 24, 27, 26, 24, 22]
Unsafe-ish!
######
Unsafe:  [87, 86, 89, 86, 89]
Unsafe:  [86, 89, 86, 89]
Unsafe:  [87, 89, 86, 89]
Unsafe-ish!
######
Unsafe:  [62, 61, 62, 61, 60, 58, 56, 56]
Unsafe:  [61, 62, 61, 60, 58, 56, 56]
Unsafe:  [62, 62, 61, 60, 58, 56, 56]
Unsafe-ish!
######
Unsafe:  [10, 7, 6, 7, 3]
Unsafe:  [7, 6, 7, 3]
Unsafe:  [10, 6, 7, 3]
Unsafe-ish!
######
Unsafe:  [34, 33, 31, 34, 31, 29, 22]
Unsafe:  [33, 31, 34, 31, 29, 22]
Unsafe:  [34, 31, 34, 31, 29, 22]
Unsafe-ish!
######
Unsafe:  [27, 26, 26, 24, 23, 22, 19]
Safe:    [27, 26, 24, 23, 22, 19]
######
Unsafe:  [41, 38, 38, 36, 37]
Unsafe:  [38, 38, 36, 37]
Unsafe:  [41, 38, 36, 37]
Unsafe-ish!
######
Unsafe:  [86, 83, 83, 81, 81]
Unsafe:  [86, 83, 81, 81]
Unsafe:  [86, 83, 81, 81]
Unsafe-ish!
######
Unsafe:  [16, 15, 15, 14, 13, 10, 7, 3]
Unsafe:  [16, 15, 14, 13, 10, 7, 3]
Unsafe:  [16, 15, 14, 13, 10, 7, 3]
Unsafe-ish!
######
Unsafe:  [47, 46, 46, 45, 38]
Unsafe:  [47, 46, 45, 38]
Unsafe:  [47, 46, 45, 38]
Unsafe-ish!
######
Unsafe:  [61, 58, 57, 56, 54, 50, 48]
Unsafe:  [61, 58, 57, 56, 50, 48]
Unsafe:  [61, 58, 57, 56, 54, 48]
Unsafe-ish!
######
Unsafe:  [42, 41, 37, 36, 37]
Unsafe:  [41, 37, 36, 37]
Unsafe:  [42, 37, 36, 37]
Unsafe-ish!
######
Unsafe:  [70, 68, 64, 62, 62]
Unsafe:  [70, 64, 62, 62]
Unsafe:  [70, 68, 62, 62]
Unsafe-ish!
######
Unsafe:  [15, 12, 11, 9, 5, 1]
Unsafe:  [15, 12, 11, 5, 1]
Unsafe:  [15, 12, 11, 9, 1]
Unsafe-ish!
######
Unsafe:  [76, 73, 69, 68, 63]
Unsafe:  [76, 69, 68, 63]
Unsafe:  [76, 73, 68, 63]
Unsafe-ish!
######
Unsafe:  [89, 87, 86, 80, 78, 77, 75]
Unsafe:  [89, 87, 80, 78, 77, 75]
Unsafe:  [89, 87, 86, 78, 77, 75]
Unsafe-ish!
######
Unsafe:  [92, 90, 88, 85, 82, 76, 78]
Unsafe:  [90, 88, 85, 82, 76, 78]
Unsafe:  [92, 88, 85, 82, 76, 78]
Unsafe-ish!
######
Unsafe:  [85, 82, 79, 72, 71, 68, 65, 65]
Unsafe:  [85, 82, 72, 71, 68, 65, 65]
Unsafe:  [85, 82, 79, 71, 68, 65, 65]
Unsafe-ish!
######
Unsafe:  [92, 91, 88, 83, 80, 78, 74]
Unsafe:  [92, 91, 83, 80, 78, 74]
Unsafe:  [92, 91, 88, 80, 78, 74]
Unsafe-ish!
######
Unsafe:  [60, 58, 57, 56, 54, 48, 42]
Unsafe:  [60, 58, 57, 56, 48, 42]
Unsafe:  [60, 58, 57, 56, 54, 42]
Unsafe-ish!
######
Unsafe:  [38, 40, 39, 38, 37, 34]
Unsafe:  [38, 39, 38, 37, 34]
Unsafe:  [38, 40, 38, 37, 34]
Unsafe-ish!
######
Unsafe:  [73, 76, 73, 72, 75]
Unsafe:  [73, 73, 72, 75]
Unsafe:  [73, 76, 72, 75]
Unsafe-ish!
######
Unsafe:  [44, 47, 45, 43, 40, 38, 36, 36]
Unsafe:  [44, 45, 43, 40, 38, 36, 36]
Unsafe:  [44, 47, 43, 40, 38, 36, 36]
Unsafe-ish!
######
Unsafe:  [40, 43, 40, 39, 35]
Unsafe:  [40, 40, 39, 35]
Unsafe:  [40, 43, 39, 35]
Unsafe-ish!
######
Unsafe:  [27, 29, 26, 25, 22, 20, 15]
Unsafe:  [27, 26, 25, 22, 20, 15]
Unsafe:  [27, 29, 25, 22, 20, 15]
Unsafe-ish!
######
Unsafe:  [21, 24, 21, 22, 20]
Unsafe:  [21, 21, 22, 20]
Unsafe:  [21, 24, 22, 20]
Unsafe-ish!
######
Unsafe:  [5, 7, 6, 7, 4, 3, 6]
Unsafe:  [5, 6, 7, 4, 3, 6]
Unsafe:  [5, 7, 7, 4, 3, 6]
Unsafe-ish!
######
Unsafe:  [82, 83, 82, 79, 76, 79, 79]
Unsafe:  [82, 82, 79, 76, 79, 79]
Unsafe:  [82, 83, 79, 76, 79, 79]
Unsafe-ish!
######
Unsafe:  [25, 27, 30, 28, 24]
Unsafe:  [25, 27, 28, 24]
Unsafe:  [25, 27, 30, 24]
Unsafe-ish!
######
Unsafe:  [81, 83, 81, 84, 79]
Unsafe:  [81, 81, 84, 79]
Unsafe:  [81, 83, 84, 79]
Unsafe-ish!
######
Unsafe:  [87, 89, 89, 86, 84, 81, 80, 77]
Unsafe:  [87, 89, 86, 84, 81, 80, 77]
Unsafe:  [87, 89, 86, 84, 81, 80, 77]
Unsafe-ish!
######
Unsafe:  [36, 38, 38, 35, 36]
Unsafe:  [36, 38, 35, 36]
Unsafe:  [36, 38, 35, 36]
Unsafe-ish!
######
Unsafe:  [37, 40, 38, 38, 38]
Unsafe:  [37, 38, 38, 38]
Unsafe:  [37, 40, 38, 38]
Unsafe-ish!
######
Unsafe:  [84, 85, 82, 81, 81, 77]
Unsafe:  [84, 82, 81, 81, 77]
Unsafe:  [84, 85, 81, 81, 77]
Unsafe-ish!
######
Unsafe:  [16, 17, 14, 13, 13, 6]
Unsafe:  [16, 14, 13, 13, 6]
Unsafe:  [16, 17, 13, 13, 6]
Unsafe-ish!
######
Unsafe:  [36, 38, 34, 32, 30, 28]
Safe:    [36, 34, 32, 30, 28]
######
Unsafe:  [13, 14, 13, 9, 6, 5, 6]
Unsafe:  [13, 13, 9, 6, 5, 6]
Unsafe:  [13, 14, 9, 6, 5, 6]
Unsafe-ish!
######
Unsafe:  [32, 33, 31, 27, 27]
Unsafe:  [32, 31, 27, 27]
Unsafe:  [32, 33, 27, 27]
Unsafe-ish!
######
Unsafe:  [33, 35, 32, 28, 24]
Unsafe:  [33, 32, 28, 24]
Unsafe:  [33, 35, 28, 24]
Unsafe-ish!
######
Unsafe:  [95, 96, 93, 89, 86, 83, 76]
Unsafe:  [95, 93, 89, 86, 83, 76]
Unsafe:  [95, 96, 89, 86, 83, 76]
Unsafe-ish!
######
Unsafe:  [56, 59, 58, 51, 48, 46, 45]
Unsafe:  [56, 58, 51, 48, 46, 45]
Unsafe:  [56, 59, 51, 48, 46, 45]
Unsafe-ish!
######
Unsafe:  [55, 56, 54, 47, 44, 47]
Unsafe:  [55, 54, 47, 44, 47]
Unsafe:  [55, 56, 47, 44, 47]
Unsafe-ish!
######
Unsafe:  [25, 26, 24, 21, 15, 15]
Unsafe:  [25, 24, 21, 15, 15]
Unsafe:  [25, 26, 21, 15, 15]
Unsafe-ish!
######
Unsafe:  [35, 37, 30, 27, 23]
Unsafe:  [35, 30, 27, 23]
Unsafe:  [35, 37, 27, 23]
Unsafe-ish!
######
Unsafe:  [93, 96, 95, 88, 86, 79]
Unsafe:  [93, 95, 88, 86, 79]
Unsafe:  [93, 96, 88, 86, 79]
Unsafe-ish!
######
Unsafe:  [16, 16, 13, 11, 9, 6, 3, 2]
Safe:    [16, 13, 11, 9, 6, 3, 2]
######
Unsafe:  [65, 65, 63, 61, 64]
Unsafe:  [65, 63, 61, 64]
Unsafe:  [65, 63, 61, 64]
Unsafe-ish!
######
Unsafe:  [58, 58, 56, 54, 52, 50, 50]
Unsafe:  [58, 56, 54, 52, 50, 50]
Unsafe:  [58, 56, 54, 52, 50, 50]
Unsafe-ish!
######
Unsafe:  [78, 78, 76, 75, 72, 69, 65]
Unsafe:  [78, 76, 75, 72, 69, 65]
Unsafe:  [78, 76, 75, 72, 69, 65]
Unsafe-ish!
######
Unsafe:  [80, 80, 79, 76, 75, 72, 66]
Unsafe:  [80, 79, 76, 75, 72, 66]
Unsafe:  [80, 79, 76, 75, 72, 66]
Unsafe-ish!
######
Unsafe:  [49, 49, 50, 48, 45, 42]
Unsafe:  [49, 50, 48, 45, 42]
Unsafe:  [49, 50, 48, 45, 42]
Unsafe-ish!
######
Unsafe:  [57, 57, 54, 52, 54, 57]
Unsafe:  [57, 54, 52, 54, 57]
Unsafe:  [57, 54, 52, 54, 57]
Unsafe-ish!
######
Unsafe:  [85, 85, 82, 85, 82, 79, 76, 76]
Unsafe:  [85, 82, 85, 82, 79, 76, 76]
Unsafe:  [85, 82, 85, 82, 79, 76, 76]
Unsafe-ish!
######
Unsafe:  [52, 52, 50, 49, 48, 50, 46]
Unsafe:  [52, 50, 49, 48, 50, 46]
Unsafe:  [52, 50, 49, 48, 50, 46]
Unsafe-ish!
######
Unsafe:  [34, 34, 32, 35, 30]
Unsafe:  [34, 32, 35, 30]
Unsafe:  [34, 32, 35, 30]
Unsafe-ish!
######
Unsafe:  [55, 55, 52, 49, 49, 47]
Unsafe:  [55, 52, 49, 49, 47]
Unsafe:  [55, 52, 49, 49, 47]
Unsafe-ish!
######
Unsafe:  [94, 94, 93, 93, 96]
Unsafe:  [94, 93, 93, 96]
Unsafe:  [94, 93, 93, 96]
Unsafe-ish!
######
Unsafe:  [16, 16, 16, 14, 12, 12]
Unsafe:  [16, 16, 14, 12, 12]
Unsafe:  [16, 16, 14, 12, 12]
Unsafe-ish!
######
Unsafe:  [87, 87, 87, 84, 82, 80, 79, 75]
Unsafe:  [87, 87, 84, 82, 80, 79, 75]
Unsafe:  [87, 87, 84, 82, 80, 79, 75]
Unsafe-ish!
######
Unsafe:  [46, 46, 43, 43, 40, 33]
Unsafe:  [46, 43, 43, 40, 33]
Unsafe:  [46, 43, 43, 40, 33]
Unsafe-ish!
######
Unsafe:  [64, 64, 60, 58, 56, 55, 53, 51]
Unsafe:  [64, 60, 58, 56, 55, 53, 51]
Unsafe:  [64, 60, 58, 56, 55, 53, 51]
Unsafe-ish!
######
Unsafe:  [88, 88, 85, 83, 79, 77, 78]
Unsafe:  [88, 85, 83, 79, 77, 78]
Unsafe:  [88, 85, 83, 79, 77, 78]
Unsafe-ish!
######
Unsafe:  [33, 33, 29, 28, 27, 27]
Unsafe:  [33, 29, 28, 27, 27]
Unsafe:  [33, 29, 28, 27, 27]
Unsafe-ish!
######
Unsafe:  [49, 49, 47, 46, 42, 38]
Unsafe:  [49, 47, 46, 42, 38]
Unsafe:  [49, 47, 46, 42, 38]
Unsafe-ish!
######
Unsafe:  [88, 88, 85, 81, 80, 75]
Unsafe:  [88, 85, 81, 80, 75]
Unsafe:  [88, 85, 81, 80, 75]
Unsafe-ish!
######
Unsafe:  [13, 13, 10, 4, 1]
Unsafe:  [13, 10, 4, 1]
Unsafe:  [13, 10, 4, 1]
Unsafe-ish!
######
Unsafe:  [80, 80, 77, 76, 74, 68, 67, 70]
Unsafe:  [80, 77, 76, 74, 68, 67, 70]
Unsafe:  [80, 77, 76, 74, 68, 67, 70]
Unsafe-ish!
######
Unsafe:  [88, 88, 81, 79, 76, 76]
Unsafe:  [88, 81, 79, 76, 76]
Unsafe:  [88, 81, 79, 76, 76]
Unsafe-ish!
######
Unsafe:  [65, 65, 63, 57, 53]
Unsafe:  [65, 63, 57, 53]
Unsafe:  [65, 63, 57, 53]
Unsafe-ish!
######
Unsafe:  [41, 41, 36, 35, 32, 29, 22]
Unsafe:  [41, 36, 35, 32, 29, 22]
Unsafe:  [41, 36, 35, 32, 29, 22]
Unsafe-ish!
######
Unsafe:  [77, 73, 72, 71, 70, 69, 67, 65]
Safe:    [73, 72, 71, 70, 69, 67, 65]
######
Unsafe:  [79, 75, 72, 69, 68, 71]
Unsafe:  [75, 72, 69, 68, 71]
Unsafe:  [79, 72, 69, 68, 71]
Unsafe-ish!
######
Unsafe:  [99, 95, 93, 92, 91, 90, 87, 87]
Unsafe:  [95, 93, 92, 91, 90, 87, 87]
Unsafe:  [99, 93, 92, 91, 90, 87, 87]
Unsafe-ish!
######
Unsafe:  [18, 14, 13, 10, 7, 3]
Unsafe:  [14, 13, 10, 7, 3]
Unsafe:  [18, 13, 10, 7, 3]
Unsafe-ish!
######
Unsafe:  [72, 68, 65, 63, 56]
Unsafe:  [68, 65, 63, 56]
Unsafe:  [72, 65, 63, 56]
Unsafe-ish!
######
Unsafe:  [70, 66, 64, 62, 59, 61, 58]
Unsafe:  [66, 64, 62, 59, 61, 58]
Unsafe:  [70, 64, 62, 59, 61, 58]
Unsafe-ish!
######
Unsafe:  [78, 74, 73, 76, 73, 70, 67, 69]
Unsafe:  [74, 73, 76, 73, 70, 67, 69]
Unsafe:  [78, 73, 76, 73, 70, 67, 69]
Unsafe-ish!
######
Unsafe:  [68, 64, 67, 65, 65]
Unsafe:  [64, 67, 65, 65]
Unsafe:  [68, 67, 65, 65]
Unsafe-ish!
######
Unsafe:  [57, 53, 50, 48, 51, 47]
Unsafe:  [53, 50, 48, 51, 47]
Unsafe:  [57, 50, 48, 51, 47]
Unsafe-ish!
######
Unsafe:  [13, 9, 12, 11, 9, 4]
Unsafe:  [9, 12, 11, 9, 4]
Unsafe:  [13, 12, 11, 9, 4]
Unsafe-ish!
######
Unsafe:  [51, 47, 44, 44, 41]
Unsafe:  [47, 44, 44, 41]
Unsafe:  [51, 44, 44, 41]
Unsafe-ish!
######
Unsafe:  [81, 77, 75, 75, 76]
Unsafe:  [77, 75, 75, 76]
Unsafe:  [81, 75, 75, 76]
Unsafe-ish!
######
Unsafe:  [51, 47, 46, 46, 46]
Unsafe:  [47, 46, 46, 46]
Unsafe:  [51, 46, 46, 46]
Unsafe-ish!
######
Unsafe:  [21, 17, 14, 11, 9, 9, 8, 4]
Unsafe:  [17, 14, 11, 9, 9, 8, 4]
Unsafe:  [21, 14, 11, 9, 9, 8, 4]
Unsafe-ish!
######
Unsafe:  [80, 76, 74, 73, 73, 72, 71, 66]
Unsafe:  [76, 74, 73, 73, 72, 71, 66]
Unsafe:  [80, 74, 73, 73, 72, 71, 66]
Unsafe-ish!
######
Unsafe:  [22, 18, 16, 12, 11, 9]
Unsafe:  [18, 16, 12, 11, 9]
Unsafe:  [22, 16, 12, 11, 9]
Unsafe-ish!
######
Unsafe:  [22, 18, 16, 12, 10, 12]
Unsafe:  [18, 16, 12, 10, 12]
Unsafe:  [22, 16, 12, 10, 12]
Unsafe-ish!
######
Unsafe:  [22, 18, 14, 12, 11, 10, 8, 8]
Unsafe:  [18, 14, 12, 11, 10, 8, 8]
Unsafe:  [22, 14, 12, 11, 10, 8, 8]
Unsafe-ish!
######
Unsafe:  [31, 27, 24, 20, 16]
Unsafe:  [27, 24, 20, 16]
Unsafe:  [31, 24, 20, 16]
Unsafe-ish!
######
Unsafe:  [48, 44, 43, 42, 38, 31]
Unsafe:  [44, 43, 42, 38, 31]
Unsafe:  [48, 43, 42, 38, 31]
Unsafe-ish!
######
Unsafe:  [30, 26, 19, 17, 16]
Unsafe:  [26, 19, 17, 16]
Unsafe:  [30, 19, 17, 16]
Unsafe-ish!
######
Unsafe:  [39, 35, 28, 26, 23, 25]
Unsafe:  [35, 28, 26, 23, 25]
Unsafe:  [39, 28, 26, 23, 25]
Unsafe-ish!
######
Unsafe:  [66, 62, 56, 53, 52, 51, 51]
Unsafe:  [62, 56, 53, 52, 51, 51]
Unsafe:  [66, 56, 53, 52, 51, 51]
Unsafe-ish!
######
Unsafe:  [25, 21, 14, 12, 11, 7]
Unsafe:  [21, 14, 12, 11, 7]
Unsafe:  [25, 14, 12, 11, 7]
Unsafe-ish!
######
Unsafe:  [82, 78, 75, 73, 71, 65, 58]
Unsafe:  [78, 75, 73, 71, 65, 58]
Unsafe:  [82, 75, 73, 71, 65, 58]
Unsafe-ish!
######
Unsafe:  [36, 29, 27, 25, 24, 22, 21, 18]
Safe:    [29, 27, 25, 24, 22, 21, 18]
######
Unsafe:  [34, 29, 27, 26, 23, 20, 22]
Unsafe:  [29, 27, 26, 23, 20, 22]
Unsafe:  [34, 27, 26, 23, 20, 22]
Unsafe-ish!
######
Unsafe:  [74, 68, 67, 64, 64]
Unsafe:  [68, 67, 64, 64]
Unsafe:  [74, 67, 64, 64]
Unsafe-ish!
######
Unsafe:  [75, 70, 67, 66, 63, 60, 56]
Unsafe:  [70, 67, 66, 63, 60, 56]
Unsafe:  [75, 67, 66, 63, 60, 56]
Unsafe-ish!
######
Unsafe:  [98, 91, 89, 86, 84, 83, 76]
Unsafe:  [91, 89, 86, 84, 83, 76]
Unsafe:  [98, 89, 86, 84, 83, 76]
Unsafe-ish!
######
Unsafe:  [50, 45, 48, 45, 43, 41, 39]
Unsafe:  [45, 48, 45, 43, 41, 39]
Safe:    [50, 48, 45, 43, 41, 39]
######
Unsafe:  [89, 84, 86, 83, 81, 79, 77, 79]
Unsafe:  [84, 86, 83, 81, 79, 77, 79]
Unsafe:  [89, 86, 83, 81, 79, 77, 79]
Unsafe-ish!
######
Unsafe:  [66, 60, 63, 61, 59, 59]
Unsafe:  [60, 63, 61, 59, 59]
Unsafe:  [66, 63, 61, 59, 59]
Unsafe-ish!
######
Unsafe:  [44, 38, 37, 38, 34]
Unsafe:  [38, 37, 38, 34]
Unsafe:  [44, 37, 38, 34]
Unsafe-ish!
######
Unsafe:  [53, 47, 45, 46, 41]
Unsafe:  [47, 45, 46, 41]
Unsafe:  [53, 45, 46, 41]
Unsafe-ish!
######
Unsafe:  [14, 8, 7, 7, 6, 5, 2]
Unsafe:  [8, 7, 7, 6, 5, 2]
Unsafe:  [14, 7, 7, 6, 5, 2]
Unsafe-ish!
######
Unsafe:  [36, 30, 27, 27, 24, 27]
Unsafe:  [30, 27, 27, 24, 27]
Unsafe:  [36, 27, 27, 24, 27]
Unsafe-ish!
######
Unsafe:  [23, 16, 16, 13, 11, 11]
Unsafe:  [16, 16, 13, 11, 11]
Unsafe:  [23, 16, 13, 11, 11]
Unsafe-ish!
######
Unsafe:  [55, 48, 48, 47, 43]
Unsafe:  [48, 48, 47, 43]
Unsafe:  [55, 48, 47, 43]
Unsafe-ish!
######
Unsafe:  [83, 78, 77, 77, 75, 70]
Unsafe:  [78, 77, 77, 75, 70]
Unsafe:  [83, 77, 77, 75, 70]
Unsafe-ish!
######
Unsafe:  [37, 30, 27, 25, 21, 19, 18, 15]
Unsafe:  [30, 27, 25, 21, 19, 18, 15]
Unsafe:  [37, 27, 25, 21, 19, 18, 15]
Unsafe-ish!
######
Unsafe:  [81, 74, 73, 69, 67, 65, 63, 66]
Unsafe:  [74, 73, 69, 67, 65, 63, 66]
Unsafe:  [81, 73, 69, 67, 65, 63, 66]
Unsafe-ish!
######
Unsafe:  [57, 51, 49, 48, 47, 46, 42, 42]
Unsafe:  [51, 49, 48, 47, 46, 42, 42]
Unsafe:  [57, 49, 48, 47, 46, 42, 42]
Unsafe-ish!
######
Unsafe:  [62, 56, 53, 50, 46, 43, 40, 36]
Unsafe:  [56, 53, 50, 46, 43, 40, 36]
Unsafe:  [62, 53, 50, 46, 43, 40, 36]
Unsafe-ish!
######
Unsafe:  [49, 42, 38, 35, 29]
Unsafe:  [42, 38, 35, 29]
Unsafe:  [49, 38, 35, 29]
Unsafe-ish!
######
Unsafe:  [97, 92, 89, 84, 81]
Unsafe:  [92, 89, 84, 81]
Unsafe:  [97, 89, 84, 81]
Unsafe-ish!
######
Unsafe:  [79, 72, 69, 68, 66, 60, 62]
Unsafe:  [72, 69, 68, 66, 60, 62]
Unsafe:  [79, 69, 68, 66, 60, 62]
Unsafe-ish!
######
Unsafe:  [87, 82, 79, 78, 71, 71]
Unsafe:  [82, 79, 78, 71, 71]
Unsafe:  [87, 79, 78, 71, 71]
Unsafe-ish!
######
Unsafe:  [75, 70, 69, 64, 62, 61, 57]
Unsafe:  [70, 69, 64, 62, 61, 57]
Unsafe:  [75, 69, 64, 62, 61, 57]
Unsafe-ish!
######
Unsafe:  [84, 79, 76, 71, 68, 62]
Unsafe:  [79, 76, 71, 68, 62]
Unsafe:  [84, 76, 71, 68, 62]
Unsafe-ish!
######
Unsafe:  [17, 19, 20, 21, 22, 20]
Unsafe:  [17, 19, 20, 21, 20]
Safe:    [17, 19, 20, 21, 22]
######
Unsafe:  [71, 74, 75, 78, 81, 81]
Safe:    [71, 74, 75, 78, 81]
######
Unsafe:  [58, 60, 62, 63, 65, 69]
Unsafe:  [58, 60, 62, 63, 69]
Safe:    [58, 60, 62, 63, 65]
######
Unsafe:  [21, 23, 24, 26, 28, 34]
Unsafe:  [21, 23, 24, 26, 34]
Safe:    [21, 23, 24, 26, 28]
######
Unsafe:  [70, 72, 74, 76, 78, 80, 78, 80]
Unsafe:  [70, 72, 74, 76, 78, 78, 80]
Unsafe:  [70, 72, 74, 76, 78, 80, 80]
Unsafe-ish!
######
Unsafe:  [33, 35, 34, 36, 37, 35]
Unsafe:  [33, 34, 36, 37, 35]
Unsafe:  [33, 35, 36, 37, 35]
Unsafe-ish!
######
Unsafe:  [18, 20, 23, 24, 22, 25, 28, 28]
Unsafe:  [18, 20, 23, 22, 25, 28, 28]
Unsafe:  [18, 20, 23, 24, 25, 28, 28]
Unsafe-ish!
######
Unsafe:  [88, 91, 94, 92, 96]
Unsafe:  [88, 91, 92, 96]
Safe:    [88, 91, 94, 96]
######
Unsafe:  [7, 9, 11, 8, 14]
Unsafe:  [7, 9, 8, 14]
Safe:    [7, 9, 11, 14]
######
Unsafe:  [63, 65, 66, 68, 68, 69, 71]
Safe:    [63, 65, 66, 68, 69, 71]
######
Unsafe:  [20, 23, 24, 27, 27, 28, 26]
Unsafe:  [20, 23, 24, 27, 28, 26]
Unsafe:  [20, 23, 24, 27, 28, 26]
Unsafe-ish!
######
Unsafe:  [61, 62, 63, 64, 64, 64]
Unsafe:  [61, 62, 63, 64, 64]
Unsafe:  [61, 62, 63, 64, 64]
Unsafe-ish!
######
Unsafe:  [66, 68, 70, 70, 74]
Unsafe:  [66, 68, 70, 74]
Unsafe:  [66, 68, 70, 74]
Unsafe-ish!
######
Unsafe:  [17, 19, 20, 20, 22, 25, 28, 34]
Unsafe:  [17, 19, 20, 22, 25, 28, 34]
Unsafe:  [17, 19, 20, 22, 25, 28, 34]
Unsafe-ish!
######
Unsafe:  [7, 10, 14, 17, 20, 22]
Unsafe:  [7, 14, 17, 20, 22]
Unsafe:  [7, 10, 17, 20, 22]
Unsafe-ish!
######
Unsafe:  [13, 15, 17, 21, 23, 22]
Unsafe:  [13, 15, 21, 23, 22]
Unsafe:  [13, 15, 17, 23, 22]
Unsafe-ish!
######
Unsafe:  [8, 9, 13, 15, 16, 19, 19]
Unsafe:  [8, 13, 15, 16, 19, 19]
Unsafe:  [8, 9, 15, 16, 19, 19]
Unsafe-ish!
######
Unsafe:  [73, 74, 76, 79, 82, 84, 88, 92]
Unsafe:  [73, 74, 76, 79, 82, 88, 92]
Unsafe:  [73, 74, 76, 79, 82, 84, 92]
Unsafe-ish!
######
Unsafe:  [69, 71, 73, 75, 79, 81, 83, 88]
Unsafe:  [69, 71, 73, 79, 81, 83, 88]
Unsafe:  [69, 71, 73, 75, 81, 83, 88]
Unsafe-ish!
######
Unsafe:  [63, 64, 66, 69, 76, 78, 80, 83]
Unsafe:  [63, 64, 66, 76, 78, 80, 83]
Unsafe:  [63, 64, 66, 69, 78, 80, 83]
Unsafe-ish!
######
Unsafe:  [76, 79, 86, 88, 91, 94, 91]
Unsafe:  [76, 86, 88, 91, 94, 91]
Unsafe:  [76, 79, 88, 91, 94, 91]
Unsafe-ish!
######
Unsafe:  [43, 45, 46, 47, 49, 52, 58, 58]
Unsafe:  [43, 45, 46, 47, 49, 58, 58]
Unsafe:  [43, 45, 46, 47, 49, 52, 58]
Unsafe-ish!
######
Unsafe:  [41, 42, 44, 46, 48, 53, 54, 58]
Unsafe:  [41, 42, 44, 46, 53, 54, 58]
Unsafe:  [41, 42, 44, 46, 48, 54, 58]
Unsafe-ish!
######
Unsafe:  [76, 77, 79, 86, 88, 90, 96]
Unsafe:  [76, 77, 86, 88, 90, 96]
Unsafe:  [76, 77, 79, 88, 90, 96]
Unsafe-ish!
######
Unsafe:  [25, 24, 25, 27, 30, 32]
Safe:    [24, 25, 27, 30, 32]
######
Unsafe:  [6, 3, 5, 8, 6]
Unsafe:  [3, 5, 8, 6]
Unsafe:  [6, 5, 8, 6]
Unsafe-ish!
######
Unsafe:  [91, 89, 90, 92, 92]
Unsafe:  [89, 90, 92, 92]
Unsafe:  [91, 90, 92, 92]
Unsafe-ish!
######
Unsafe:  [25, 22, 24, 26, 29, 32, 36]
Unsafe:  [22, 24, 26, 29, 32, 36]
Unsafe:  [25, 24, 26, 29, 32, 36]
Unsafe-ish!
######
Unsafe:  [74, 71, 74, 76, 78, 84]
Unsafe:  [71, 74, 76, 78, 84]
Unsafe:  [74, 74, 76, 78, 84]
Unsafe-ish!
######
Unsafe:  [50, 49, 51, 50, 53, 55]
Unsafe:  [49, 51, 50, 53, 55]
Unsafe:  [50, 51, 50, 53, 55]
Unsafe-ish!
######
Unsafe:  [62, 61, 59, 61, 60]
Unsafe:  [61, 59, 61, 60]
Unsafe:  [62, 59, 61, 60]
Unsafe-ish!
######
Unsafe:  [82, 79, 80, 77, 78, 81, 83, 83]
Unsafe:  [79, 80, 77, 78, 81, 83, 83]
Unsafe:  [82, 80, 77, 78, 81, 83, 83]
Unsafe-ish!
######
Unsafe:  [93, 92, 90, 91, 93, 97]
Unsafe:  [92, 90, 91, 93, 97]
Unsafe:  [93, 90, 91, 93, 97]
Unsafe-ish!
######
Unsafe:  [88, 85, 86, 85, 88, 95]
Unsafe:  [85, 86, 85, 88, 95]
Unsafe:  [88, 86, 85, 88, 95]
Unsafe-ish!
######
Unsafe:  [29, 26, 27, 30, 30, 32]
Unsafe:  [26, 27, 30, 30, 32]
Unsafe:  [29, 27, 30, 30, 32]
Unsafe-ish!
######
Unsafe:  [24, 23, 23, 24, 27, 26]
Unsafe:  [23, 23, 24, 27, 26]
Unsafe:  [24, 23, 24, 27, 26]
Unsafe-ish!
######
Unsafe:  [33, 31, 31, 34, 35, 35]
Unsafe:  [31, 31, 34, 35, 35]
Unsafe:  [33, 31, 34, 35, 35]
Unsafe-ish!
######
Unsafe:  [89, 88, 89, 89, 93]
Unsafe:  [88, 89, 89, 93]
Unsafe:  [89, 89, 89, 93]
Unsafe-ish!
######
Unsafe:  [78, 75, 75, 77, 79, 82, 88]
Unsafe:  [75, 75, 77, 79, 82, 88]
Unsafe:  [78, 75, 77, 79, 82, 88]
Unsafe-ish!
######
Unsafe:  [45, 44, 46, 50, 52, 53, 55]
Unsafe:  [44, 46, 50, 52, 53, 55]
Unsafe:  [45, 46, 50, 52, 53, 55]
Unsafe-ish!
######
Unsafe:  [44, 41, 45, 47, 48, 46]
Unsafe:  [41, 45, 47, 48, 46]
Unsafe:  [44, 45, 47, 48, 46]
Unsafe-ish!
######
Unsafe:  [49, 48, 52, 55, 55]
Unsafe:  [48, 52, 55, 55]
Unsafe:  [49, 52, 55, 55]
Unsafe-ish!
######
Unsafe:  [69, 67, 70, 73, 74, 78, 82]
Unsafe:  [67, 70, 73, 74, 78, 82]
Unsafe:  [69, 70, 73, 74, 78, 82]
Unsafe-ish!
######
Unsafe:  [16, 15, 19, 21, 28]
Unsafe:  [15, 19, 21, 28]
Unsafe:  [16, 19, 21, 28]
Unsafe-ish!
######
Unsafe:  [11, 9, 11, 17, 19, 22, 25, 28]
Unsafe:  [9, 11, 17, 19, 22, 25, 28]
Unsafe:  [11, 11, 17, 19, 22, 25, 28]
Unsafe-ish!
######
Unsafe:  [44, 42, 47, 49, 46]
Unsafe:  [42, 47, 49, 46]
Unsafe:  [44, 47, 49, 46]
Unsafe-ish!
######
Unsafe:  [60, 59, 64, 65, 65]
Unsafe:  [59, 64, 65, 65]
Unsafe:  [60, 64, 65, 65]
Unsafe-ish!
######
Unsafe:  [42, 40, 46, 49, 51, 54, 58]
Unsafe:  [40, 46, 49, 51, 54, 58]
Unsafe:  [42, 46, 49, 51, 54, 58]
Unsafe-ish!
######
Unsafe:  [8, 6, 9, 10, 12, 13, 19, 25]
Unsafe:  [6, 9, 10, 12, 13, 19, 25]
Unsafe:  [8, 9, 10, 12, 13, 19, 25]
Unsafe-ish!
######
Unsafe:  [53, 53, 55, 56, 59, 62, 63]
Safe:    [53, 55, 56, 59, 62, 63]
######
Unsafe:  [13, 13, 16, 19, 18]
Unsafe:  [13, 16, 19, 18]
Unsafe:  [13, 16, 19, 18]
Unsafe-ish!
######
Unsafe:  [4, 4, 6, 9, 12, 15, 17, 17]
Unsafe:  [4, 6, 9, 12, 15, 17, 17]
Unsafe:  [4, 6, 9, 12, 15, 17, 17]
Unsafe-ish!
######
Unsafe:  [17, 17, 20, 21, 22, 26]
Unsafe:  [17, 20, 21, 22, 26]
Unsafe:  [17, 20, 21, 22, 26]
Unsafe-ish!
######
Unsafe:  [14, 14, 15, 17, 20, 23, 29]
Unsafe:  [14, 15, 17, 20, 23, 29]
Unsafe:  [14, 15, 17, 20, 23, 29]
Unsafe-ish!
######
Unsafe:  [16, 16, 18, 20, 21, 23, 21, 24]
Unsafe:  [16, 18, 20, 21, 23, 21, 24]
Unsafe:  [16, 18, 20, 21, 23, 21, 24]
Unsafe-ish!
######
Unsafe:  [80, 80, 83, 84, 81, 79]
Unsafe:  [80, 83, 84, 81, 79]
Unsafe:  [80, 83, 84, 81, 79]
Unsafe-ish!
######
Unsafe:  [2, 2, 3, 4, 3, 5, 7, 7]
Unsafe:  [2, 3, 4, 3, 5, 7, 7]
Unsafe:  [2, 3, 4, 3, 5, 7, 7]
Unsafe-ish!
######
Unsafe:  [94, 94, 95, 96, 97, 98, 95, 99]
Unsafe:  [94, 95, 96, 97, 98, 95, 99]
Unsafe:  [94, 95, 96, 97, 98, 95, 99]
Unsafe-ish!
######
Unsafe:  [3, 3, 2, 5, 6, 8, 13]
Unsafe:  [3, 2, 5, 6, 8, 13]
Unsafe:  [3, 2, 5, 6, 8, 13]
Unsafe-ish!
######
Unsafe:  [44, 44, 47, 47, 50, 51]
Unsafe:  [44, 47, 47, 50, 51]
Unsafe:  [44, 47, 47, 50, 51]
Unsafe-ish!
######
Unsafe:  [10, 10, 13, 13, 15, 13]
Unsafe:  [10, 13, 13, 15, 13]
Unsafe:  [10, 13, 13, 15, 13]
Unsafe-ish!
######
Unsafe:  [10, 10, 10, 12, 14, 14]
Unsafe:  [10, 10, 12, 14, 14]
Unsafe:  [10, 10, 12, 14, 14]
Unsafe-ish!
######
Unsafe:  [64, 64, 66, 66, 67, 71]
Unsafe:  [64, 66, 66, 67, 71]
Unsafe:  [64, 66, 66, 67, 71]
Unsafe-ish!
######
Unsafe:  [37, 37, 38, 40, 40, 43, 44, 51]
Unsafe:  [37, 38, 40, 40, 43, 44, 51]
Unsafe:  [37, 38, 40, 40, 43, 44, 51]
Unsafe-ish!
######
Unsafe:  [65, 65, 68, 71, 74, 78, 79]
Unsafe:  [65, 68, 71, 74, 78, 79]
Unsafe:  [65, 68, 71, 74, 78, 79]
Unsafe-ish!
######
Unsafe:  [21, 21, 23, 27, 28, 31, 29]
Unsafe:  [21, 23, 27, 28, 31, 29]
Unsafe:  [21, 23, 27, 28, 31, 29]
Unsafe-ish!
######
Unsafe:  [1, 1, 5, 6, 9, 9]
Unsafe:  [1, 5, 6, 9, 9]
Unsafe:  [1, 5, 6, 9, 9]
Unsafe-ish!
######
Unsafe:  [20, 20, 22, 26, 29, 31, 35]
Unsafe:  [20, 22, 26, 29, 31, 35]
Unsafe:  [20, 22, 26, 29, 31, 35]
Unsafe-ish!
######
Unsafe:  [81, 81, 85, 86, 88, 94]
Unsafe:  [81, 85, 86, 88, 94]
Unsafe:  [81, 85, 86, 88, 94]
Unsafe-ish!
######
Unsafe:  [17, 17, 18, 23, 26, 28, 30, 33]
Unsafe:  [17, 18, 23, 26, 28, 30, 33]
Unsafe:  [17, 18, 23, 26, 28, 30, 33]
Unsafe-ish!
######
Unsafe:  [62, 62, 68, 70, 69]
Unsafe:  [62, 68, 70, 69]
Unsafe:  [62, 68, 70, 69]
Unsafe-ish!
######
Unsafe:  [35, 35, 36, 39, 40, 46, 46]
Unsafe:  [35, 36, 39, 40, 46, 46]
Unsafe:  [35, 36, 39, 40, 46, 46]
Unsafe-ish!
######
Unsafe:  [47, 47, 50, 57, 59, 63]
Unsafe:  [47, 50, 57, 59, 63]
Unsafe:  [47, 50, 57, 59, 63]
Unsafe-ish!
######
Unsafe:  [16, 16, 18, 24, 29]
Unsafe:  [16, 18, 24, 29]
Unsafe:  [16, 18, 24, 29]
Unsafe-ish!
######
Unsafe:  [3, 7, 9, 12, 15, 17, 19, 22]
Safe:    [7, 9, 12, 15, 17, 19, 22]
######
Unsafe:  [34, 38, 40, 43, 41]
Unsafe:  [38, 40, 43, 41]
Unsafe:  [34, 40, 43, 41]
Unsafe-ish!
######
Unsafe:  [29, 33, 36, 39, 39]
Unsafe:  [33, 36, 39, 39]
Unsafe:  [29, 36, 39, 39]
Unsafe-ish!
######
Unsafe:  [47, 51, 52, 54, 56, 57, 61]
Unsafe:  [51, 52, 54, 56, 57, 61]
Unsafe:  [47, 52, 54, 56, 57, 61]
Unsafe-ish!
######
Unsafe:  [23, 27, 28, 30, 32, 37]
Unsafe:  [27, 28, 30, 32, 37]
Unsafe:  [23, 28, 30, 32, 37]
Unsafe-ish!
######
Unsafe:  [9, 13, 16, 14, 15, 16, 17, 20]
Unsafe:  [13, 16, 14, 15, 16, 17, 20]
Unsafe:  [9, 16, 14, 15, 16, 17, 20]
Unsafe-ish!
######
Unsafe:  [86, 90, 88, 90, 91, 89]
Unsafe:  [90, 88, 90, 91, 89]
Unsafe:  [86, 88, 90, 91, 89]
Unsafe-ish!
######
Unsafe:  [83, 87, 84, 86, 87, 87]
Unsafe:  [87, 84, 86, 87, 87]
Unsafe:  [83, 84, 86, 87, 87]
Unsafe-ish!
######
Unsafe:  [42, 46, 44, 47, 49, 53]
Unsafe:  [46, 44, 47, 49, 53]
Unsafe:  [42, 44, 47, 49, 53]
Unsafe-ish!
######
Unsafe:  [28, 32, 30, 31, 38]
Unsafe:  [32, 30, 31, 38]
Unsafe:  [28, 30, 31, 38]
Unsafe-ish!
######
Unsafe:  [2, 6, 6, 9, 10, 11, 13, 15]
Unsafe:  [6, 6, 9, 10, 11, 13, 15]
Unsafe:  [2, 6, 9, 10, 11, 13, 15]
Unsafe-ish!
######
Unsafe:  [34, 38, 40, 41, 42, 42, 39]
Unsafe:  [38, 40, 41, 42, 42, 39]
Unsafe:  [34, 40, 41, 42, 42, 39]
Unsafe-ish!
######
Unsafe:  [19, 23, 25, 27, 29, 29, 29]
Unsafe:  [23, 25, 27, 29, 29, 29]
Unsafe:  [19, 25, 27, 29, 29, 29]
Unsafe-ish!
######
Unsafe:  [1, 5, 6, 6, 10]
Unsafe:  [5, 6, 6, 10]
Unsafe:  [1, 6, 6, 10]
Unsafe-ish!
######
Unsafe:  [5, 9, 10, 13, 13, 14, 16, 22]
Unsafe:  [9, 10, 13, 13, 14, 16, 22]
Unsafe:  [5, 10, 13, 13, 14, 16, 22]
Unsafe-ish!
######
Unsafe:  [8, 12, 13, 17, 20]
Unsafe:  [12, 13, 17, 20]
Unsafe:  [8, 13, 17, 20]
Unsafe-ish!
######
Unsafe:  [72, 76, 78, 82, 80]
Unsafe:  [76, 78, 82, 80]
Unsafe:  [72, 78, 82, 80]
Unsafe-ish!
######
Unsafe:  [11, 15, 16, 20, 22, 25, 25]
Unsafe:  [15, 16, 20, 22, 25, 25]
Unsafe:  [11, 16, 20, 22, 25, 25]
Unsafe-ish!
######
Unsafe:  [4, 8, 11, 15, 19]
Unsafe:  [8, 11, 15, 19]
Unsafe:  [4, 11, 15, 19]
Unsafe-ish!
######
Unsafe:  [5, 9, 13, 16, 22]
Unsafe:  [9, 13, 16, 22]
Unsafe:  [5, 13, 16, 22]
Unsafe-ish!
######
Unsafe:  [75, 79, 81, 82, 88, 90, 92]
Unsafe:  [79, 81, 82, 88, 90, 92]
Unsafe:  [75, 81, 82, 88, 90, 92]
Unsafe-ish!
######
Unsafe:  [80, 84, 86, 91, 89]
Unsafe:  [84, 86, 91, 89]
Unsafe:  [80, 86, 91, 89]
Unsafe-ish!
######
Unsafe:  [77, 81, 82, 84, 90, 93, 96, 96]
Unsafe:  [81, 82, 84, 90, 93, 96, 96]
Unsafe:  [77, 82, 84, 90, 93, 96, 96]
Unsafe-ish!
######
Unsafe:  [9, 13, 16, 17, 18, 24, 28]
Unsafe:  [13, 16, 17, 18, 24, 28]
Unsafe:  [9, 16, 17, 18, 24, 28]
Unsafe-ish!
######
Unsafe:  [10, 14, 16, 22, 27]
Unsafe:  [14, 16, 22, 27]
Unsafe:  [10, 16, 22, 27]
Unsafe-ish!
######
Unsafe:  [78, 85, 88, 90, 92, 94, 96, 98]
Safe:    [85, 88, 90, 92, 94, 96, 98]
######
Unsafe:  [32, 37, 38, 41, 39]
Unsafe:  [37, 38, 41, 39]
Unsafe:  [32, 38, 41, 39]
Unsafe-ish!
######
Unsafe:  [48, 54, 56, 58, 58]
Unsafe:  [54, 56, 58, 58]
Unsafe:  [48, 56, 58, 58]
Unsafe-ish!
######
Unsafe:  [22, 28, 30, 32, 36]
Unsafe:  [28, 30, 32, 36]
Unsafe:  [22, 30, 32, 36]
Unsafe-ish!
######
Unsafe:  [23, 30, 32, 34, 35, 37, 40, 46]
Unsafe:  [30, 32, 34, 35, 37, 40, 46]
Unsafe:  [23, 32, 34, 35, 37, 40, 46]
Unsafe-ish!
######
Unsafe:  [48, 55, 58, 57, 59]
Unsafe:  [55, 58, 57, 59]
Unsafe:  [48, 58, 57, 59]
Unsafe-ish!
######
Unsafe:  [11, 18, 21, 22, 19, 21, 20]
Unsafe:  [18, 21, 22, 19, 21, 20]
Unsafe:  [11, 21, 22, 19, 21, 20]
Unsafe-ish!
######
Unsafe:  [59, 64, 67, 70, 69, 69]
Unsafe:  [64, 67, 70, 69, 69]
Unsafe:  [59, 67, 70, 69, 69]
Unsafe-ish!
######
Unsafe:  [47, 54, 56, 59, 62, 65, 63, 67]
Unsafe:  [54, 56, 59, 62, 65, 63, 67]
Unsafe:  [47, 56, 59, 62, 65, 63, 67]
Unsafe-ish!
######
Unsafe:  [29, 36, 37, 38, 35, 42]
Unsafe:  [36, 37, 38, 35, 42]
Unsafe:  [29, 37, 38, 35, 42]
Unsafe-ish!
######
Unsafe:  [57, 62, 64, 64, 65, 66]
Unsafe:  [62, 64, 64, 65, 66]
Unsafe:  [57, 64, 64, 65, 66]
Unsafe-ish!
######
Unsafe:  [43, 50, 51, 54, 54, 56, 54]
Unsafe:  [50, 51, 54, 54, 56, 54]
Unsafe:  [43, 51, 54, 54, 56, 54]
Unsafe-ish!
######
Unsafe:  [12, 19, 19, 20, 20]
Unsafe:  [19, 19, 20, 20]
Unsafe:  [12, 19, 20, 20]
Unsafe-ish!
######
Unsafe:  [48, 54, 56, 56, 60]
Unsafe:  [54, 56, 56, 60]
Unsafe:  [48, 56, 56, 60]
Unsafe-ish!
######
Unsafe:  [38, 44, 45, 45, 48, 54]
Unsafe:  [44, 45, 45, 48, 54]
Unsafe:  [38, 45, 45, 48, 54]
Unsafe-ish!
######
Unsafe:  [56, 62, 66, 67, 70, 72]
Unsafe:  [62, 66, 67, 70, 72]
Unsafe:  [56, 66, 67, 70, 72]
Unsafe-ish!
######
Unsafe:  [64, 69, 70, 73, 76, 80, 82, 80]
Unsafe:  [69, 70, 73, 76, 80, 82, 80]
Unsafe:  [64, 70, 73, 76, 80, 82, 80]
Unsafe-ish!
######
Unsafe:  [53, 59, 63, 64, 64]
Unsafe:  [59, 63, 64, 64]
Unsafe:  [53, 63, 64, 64]
Unsafe-ish!
######
Unsafe:  [53, 58, 60, 64, 68]
Unsafe:  [58, 60, 64, 68]
Unsafe:  [53, 60, 64, 68]
Unsafe-ish!
######
Unsafe:  [4, 11, 15, 17, 22]
Unsafe:  [11, 15, 17, 22]
Unsafe:  [4, 15, 17, 22]
Unsafe-ish!
######
Unsafe:  [34, 41, 43, 50, 53, 56]
Unsafe:  [41, 43, 50, 53, 56]
Unsafe:  [34, 43, 50, 53, 56]
Unsafe-ish!
######
Unsafe:  [39, 46, 48, 50, 51, 54, 60, 59]
Unsafe:  [46, 48, 50, 51, 54, 60, 59]
Unsafe:  [39, 48, 50, 51, 54, 60, 59]
Unsafe-ish!
######
Unsafe:  [35, 42, 47, 48, 49, 49]
Unsafe:  [42, 47, 48, 49, 49]
Unsafe:  [35, 47, 48, 49, 49]
Unsafe-ish!
######
Unsafe:  [75, 81, 84, 89, 93]
Unsafe:  [81, 84, 89, 93]
Unsafe:  [75, 84, 89, 93]
Unsafe-ish!
######
Unsafe:  [31, 36, 38, 40, 47, 52]
Unsafe:  [36, 38, 40, 47, 52]
Unsafe:  [31, 38, 40, 47, 52]
Unsafe-ish!
######
Unsafe:  [21, 19, 18, 17, 16, 13, 14]
Unsafe:  [19, 18, 17, 16, 13, 14]
Unsafe:  [21, 18, 17, 16, 13, 14]
Unsafe-ish!
######
Unsafe:  [73, 70, 67, 66, 66]
Safe:    [73, 70, 67, 66]
######
Unsafe:  [74, 73, 72, 70, 69, 65]
Unsafe:  [74, 73, 72, 70, 65]
Safe:    [74, 73, 72, 70, 69]
######
Unsafe:  [37, 36, 33, 32, 26]
Unsafe:  [37, 36, 33, 26]
Safe:    [37, 36, 33, 32]
######
Unsafe:  [54, 53, 52, 49, 48, 51, 50, 48]
Unsafe:  [53, 52, 49, 48, 51, 50, 48]
Unsafe:  [54, 52, 49, 48, 51, 50, 48]
Unsafe-ish!
######
Unsafe:  [22, 21, 20, 17, 15, 12, 14, 15]
Unsafe:  [21, 20, 17, 15, 12, 14, 15]
Unsafe:  [22, 20, 17, 15, 12, 14, 15]
Unsafe-ish!
######
Unsafe:  [66, 64, 61, 64, 61, 58, 55, 55]
Unsafe:  [64, 61, 64, 61, 58, 55, 55]
Unsafe:  [66, 61, 64, 61, 58, 55, 55]
Unsafe-ish!
######
Unsafe:  [89, 88, 91, 90, 87, 86, 85, 81]
Unsafe:  [88, 91, 90, 87, 86, 85, 81]
Unsafe:  [89, 91, 90, 87, 86, 85, 81]
Unsafe-ish!
######
Unsafe:  [57, 56, 53, 50, 51, 45]
Unsafe:  [56, 53, 50, 51, 45]
Unsafe:  [57, 53, 50, 51, 45]
Unsafe-ish!
######
Unsafe:  [32, 31, 28, 28, 26]
Safe:    [32, 31, 28, 26]
######
Unsafe:  [51, 48, 45, 45, 43, 44]
Unsafe:  [48, 45, 45, 43, 44]
Unsafe:  [51, 45, 45, 43, 44]
Unsafe-ish!
######
Unsafe:  [98, 95, 94, 94, 94]
Unsafe:  [98, 95, 94, 94]
Unsafe:  [98, 95, 94, 94]
Unsafe-ish!
######
Unsafe:  [16, 13, 13, 10, 6]
Unsafe:  [16, 13, 10, 6]
Unsafe:  [16, 13, 10, 6]
Unsafe-ish!
######
Unsafe:  [57, 54, 51, 48, 46, 46, 41]
Unsafe:  [57, 54, 51, 48, 46, 41]
Unsafe:  [57, 54, 51, 48, 46, 41]
Unsafe-ish!
######
Unsafe:  [60, 57, 54, 51, 47, 46, 44]
Unsafe:  [60, 57, 54, 47, 46, 44]
Unsafe:  [60, 57, 54, 51, 46, 44]
Unsafe-ish!
######
Unsafe:  [92, 90, 87, 84, 80, 81]
Unsafe:  [90, 87, 84, 80, 81]
Unsafe:  [92, 87, 84, 80, 81]
Unsafe-ish!
######
Unsafe:  [15, 13, 12, 8, 5, 3, 2, 2]
Unsafe:  [15, 13, 8, 5, 3, 2, 2]
Unsafe:  [15, 13, 12, 5, 3, 2, 2]
Unsafe-ish!
######
Unsafe:  [83, 82, 79, 78, 77, 76, 72, 68]
Unsafe:  [83, 82, 79, 78, 77, 72, 68]
Unsafe:  [83, 82, 79, 78, 77, 76, 68]
Unsafe-ish!
######
Unsafe:  [62, 59, 56, 54, 50, 43]
Unsafe:  [62, 59, 56, 50, 43]
Unsafe:  [62, 59, 56, 54, 43]
Unsafe-ish!
######
Unsafe:  [84, 82, 81, 78, 73, 70]
Unsafe:  [84, 82, 81, 73, 70]
Unsafe:  [84, 82, 81, 78, 70]
Unsafe-ish!
######
Unsafe:  [75, 72, 71, 64, 63, 65]
Unsafe:  [72, 71, 64, 63, 65]
Unsafe:  [75, 71, 64, 63, 65]
Unsafe-ish!
######
Unsafe:  [99, 97, 92, 91, 89, 88, 88]
Unsafe:  [99, 92, 91, 89, 88, 88]
Unsafe:  [99, 97, 91, 89, 88, 88]
Unsafe-ish!
######
Unsafe:  [43, 41, 40, 39, 38, 35, 30, 26]
Unsafe:  [43, 41, 40, 39, 38, 30, 26]
Unsafe:  [43, 41, 40, 39, 38, 35, 26]
Unsafe-ish!
######
Unsafe:  [62, 61, 59, 52, 47]
Unsafe:  [62, 61, 52, 47]
Unsafe:  [62, 61, 59, 47]
Unsafe-ish!
######
Unsafe:  [69, 72, 69, 67, 66, 63, 62]
Unsafe:  [69, 69, 67, 66, 63, 62]
Unsafe:  [69, 72, 67, 66, 63, 62]
Unsafe-ish!
######
Unsafe:  [31, 33, 30, 27, 29]
Unsafe:  [31, 30, 27, 29]
Unsafe:  [31, 33, 27, 29]
Unsafe-ish!
######
Unsafe:  [6, 7, 5, 4, 2, 2]
Unsafe:  [6, 5, 4, 2, 2]
Unsafe:  [6, 7, 4, 2, 2]
Unsafe-ish!
######
Unsafe:  [32, 35, 32, 30, 29, 25]
Unsafe:  [32, 32, 30, 29, 25]
Unsafe:  [32, 35, 30, 29, 25]
Unsafe-ish!
######
Unsafe:  [77, 80, 79, 76, 73, 72, 65]
Unsafe:  [77, 79, 76, 73, 72, 65]
Unsafe:  [77, 80, 76, 73, 72, 65]
Unsafe-ish!
######
Unsafe:  [15, 16, 15, 18, 15, 13]
Unsafe:  [15, 15, 18, 15, 13]
Unsafe:  [15, 16, 18, 15, 13]
Unsafe-ish!
######
Unsafe:  [93, 94, 93, 91, 88, 89, 92]
Unsafe:  [93, 93, 91, 88, 89, 92]
Unsafe:  [93, 94, 91, 88, 89, 92]
Unsafe-ish!
######
Unsafe:  [89, 91, 94, 93, 92, 89, 89]
Unsafe:  [89, 91, 93, 92, 89, 89]
Unsafe:  [89, 91, 94, 92, 89, 89]
Unsafe-ish!
######
Unsafe:  [33, 36, 34, 35, 32, 31, 27]
Unsafe:  [33, 34, 35, 32, 31, 27]
Unsafe:  [33, 36, 35, 32, 31, 27]
Unsafe-ish!
######
Unsafe:  [84, 86, 85, 83, 85, 83, 77]
Unsafe:  [84, 85, 83, 85, 83, 77]
Unsafe:  [84, 86, 83, 85, 83, 77]
Unsafe-ish!
######
Unsafe:  [52, 55, 52, 52, 51, 50]
Unsafe:  [52, 52, 52, 51, 50]
Unsafe:  [52, 55, 52, 51, 50]
Unsafe-ish!
######
Unsafe:  [98, 99, 96, 93, 92, 92, 89, 90]
Unsafe:  [98, 96, 93, 92, 92, 89, 90]
Unsafe:  [98, 99, 93, 92, 92, 89, 90]
Unsafe-ish!
######
Unsafe:  [76, 79, 77, 76, 73, 73, 73]
Unsafe:  [76, 77, 76, 73, 73, 73]
Unsafe:  [76, 79, 76, 73, 73, 73]
Unsafe-ish!
######
Unsafe:  [18, 21, 20, 18, 16, 16, 12]
Unsafe:  [18, 20, 18, 16, 16, 12]
Unsafe:  [18, 21, 18, 16, 16, 12]
Unsafe-ish!
######
Unsafe:  [57, 58, 58, 56, 55, 52, 50, 44]
Unsafe:  [57, 58, 56, 55, 52, 50, 44]
Unsafe:  [57, 58, 56, 55, 52, 50, 44]
Unsafe-ish!
######
Unsafe:  [41, 42, 40, 39, 35, 34, 31]
Unsafe:  [41, 40, 39, 35, 34, 31]
Unsafe:  [41, 42, 39, 35, 34, 31]
Unsafe-ish!
######
Unsafe:  [16, 17, 15, 13, 11, 7, 8]
Unsafe:  [16, 15, 13, 11, 7, 8]
Unsafe:  [16, 17, 13, 11, 7, 8]
Unsafe-ish!
######
Unsafe:  [68, 71, 67, 64, 61, 61]
Unsafe:  [68, 67, 64, 61, 61]
Unsafe:  [68, 71, 64, 61, 61]
Unsafe-ish!
######
Unsafe:  [82, 83, 79, 78, 77, 73]
Unsafe:  [82, 79, 78, 77, 73]
Unsafe:  [82, 83, 78, 77, 73]
Unsafe-ish!
######
Unsafe:  [69, 71, 68, 64, 63, 61, 54]
Unsafe:  [69, 68, 64, 63, 61, 54]
Unsafe:  [69, 71, 64, 63, 61, 54]
Unsafe-ish!
######
Unsafe:  [20, 22, 15, 14, 12]
Unsafe:  [20, 15, 14, 12]
Unsafe:  [20, 22, 14, 12]
Unsafe-ish!
######
Unsafe:  [49, 50, 45, 42, 43]
Unsafe:  [49, 45, 42, 43]
Unsafe:  [49, 50, 42, 43]
Unsafe-ish!
######
Unsafe:  [94, 96, 89, 86, 86]
Unsafe:  [94, 89, 86, 86]
Unsafe:  [94, 96, 86, 86]
Unsafe-ish!
######
Unsafe:  [41, 43, 40, 38, 35, 32, 26, 22]
Unsafe:  [41, 40, 38, 35, 32, 26, 22]
Unsafe:  [41, 43, 38, 35, 32, 26, 22]
Unsafe-ish!
######
Unsafe:  [23, 24, 18, 17, 10]
Unsafe:  [23, 18, 17, 10]
Unsafe:  [23, 24, 17, 10]
Unsafe-ish!
######
Unsafe:  [27, 27, 25, 22, 21]
Safe:    [27, 25, 22, 21]
######
Unsafe:  [27, 27, 26, 24, 23, 22, 20, 23]
Unsafe:  [27, 26, 24, 23, 22, 20, 23]
Unsafe:  [27, 26, 24, 23, 22, 20, 23]
Unsafe-ish!
######
Unsafe:  [54, 54, 53, 51, 49, 46, 44, 44]
Unsafe:  [54, 53, 51, 49, 46, 44, 44]
Unsafe:  [54, 53, 51, 49, 46, 44, 44]
Unsafe-ish!
######
Unsafe:  [81, 81, 79, 78, 75, 72, 71, 67]
Unsafe:  [81, 79, 78, 75, 72, 71, 67]
Unsafe:  [81, 79, 78, 75, 72, 71, 67]
Unsafe-ish!
######
Unsafe:  [52, 52, 51, 50, 48, 45, 43, 36]
Unsafe:  [52, 51, 50, 48, 45, 43, 36]
Unsafe:  [52, 51, 50, 48, 45, 43, 36]
Unsafe-ish!
######
Unsafe:  [43, 43, 40, 43, 41]
Unsafe:  [43, 40, 43, 41]
Unsafe:  [43, 40, 43, 41]
Unsafe-ish!
######
Unsafe:  [74, 74, 77, 75, 73, 70, 72]
Unsafe:  [74, 77, 75, 73, 70, 72]
Unsafe:  [74, 77, 75, 73, 70, 72]
Unsafe-ish!
######
Unsafe:  [84, 84, 81, 83, 82, 82]
Unsafe:  [84, 81, 83, 82, 82]
Unsafe:  [84, 81, 83, 82, 82]
Unsafe-ish!
######
Unsafe:  [12, 12, 11, 12, 8]
Unsafe:  [12, 11, 12, 8]
Unsafe:  [12, 11, 12, 8]
Unsafe-ish!
######
Unsafe:  [67, 67, 64, 65, 62, 57]
Unsafe:  [67, 64, 65, 62, 57]
Unsafe:  [67, 64, 65, 62, 57]
Unsafe-ish!
######
Unsafe:  [33, 33, 31, 28, 28, 27]
Unsafe:  [33, 31, 28, 28, 27]
Unsafe:  [33, 31, 28, 28, 27]
Unsafe-ish!
######
Unsafe:  [6, 6, 6, 5, 4, 6]
Unsafe:  [6, 6, 5, 4, 6]
Unsafe:  [6, 6, 5, 4, 6]
Unsafe-ish!
######
Unsafe:  [32, 32, 31, 31, 29, 29]
Unsafe:  [32, 31, 31, 29, 29]
Unsafe:  [32, 31, 31, 29, 29]
Unsafe-ish!
######
Unsafe:  [17, 17, 17, 15, 12, 11, 7]
Unsafe:  [17, 17, 15, 12, 11, 7]
Unsafe:  [17, 17, 15, 12, 11, 7]
Unsafe-ish!
######
Unsafe:  [46, 46, 43, 42, 39, 39, 33]
Unsafe:  [46, 43, 42, 39, 39, 33]
Unsafe:  [46, 43, 42, 39, 39, 33]
Unsafe-ish!
######
Unsafe:  [45, 45, 43, 41, 40, 36, 35]
Unsafe:  [45, 43, 41, 40, 36, 35]
Unsafe:  [45, 43, 41, 40, 36, 35]
Unsafe-ish!
######
Unsafe:  [21, 21, 18, 16, 12, 11, 14]
Unsafe:  [21, 18, 16, 12, 11, 14]
Unsafe:  [21, 18, 16, 12, 11, 14]
Unsafe-ish!
######
Unsafe:  [67, 67, 63, 60, 59, 58, 58]
Unsafe:  [67, 63, 60, 59, 58, 58]
Unsafe:  [67, 63, 60, 59, 58, 58]
Unsafe-ish!
######
Unsafe:  [53, 53, 52, 48, 45, 41]
Unsafe:  [53, 52, 48, 45, 41]
Unsafe:  [53, 52, 48, 45, 41]
Unsafe-ish!
######
Unsafe:  [39, 39, 35, 32, 29, 28, 22]
Unsafe:  [39, 35, 32, 29, 28, 22]
Unsafe:  [39, 35, 32, 29, 28, 22]
Unsafe-ish!
######
Unsafe:  [67, 67, 66, 64, 58, 57, 56]
Unsafe:  [67, 66, 64, 58, 57, 56]
Unsafe:  [67, 66, 64, 58, 57, 56]
Unsafe-ish!
######
Unsafe:  [67, 67, 64, 61, 55, 52, 51, 53]
Unsafe:  [67, 64, 61, 55, 52, 51, 53]
Unsafe:  [67, 64, 61, 55, 52, 51, 53]
Unsafe-ish!
######
Unsafe:  [76, 76, 74, 71, 66, 64, 64]
Unsafe:  [76, 74, 71, 66, 64, 64]
Unsafe:  [76, 74, 71, 66, 64, 64]
Unsafe-ish!
######
Unsafe:  [45, 45, 38, 37, 33]
Unsafe:  [45, 38, 37, 33]
Unsafe:  [45, 38, 37, 33]
Unsafe-ish!
######
Unsafe:  [99, 99, 98, 97, 90, 85]
Unsafe:  [99, 98, 97, 90, 85]
Unsafe:  [99, 98, 97, 90, 85]
Unsafe-ish!
######
Unsafe:  [16, 12, 11, 9, 6, 3, 2]
Safe:    [12, 11, 9, 6, 3, 2]
######
Unsafe:  [32, 28, 26, 23, 22, 20, 17, 20]
Unsafe:  [28, 26, 23, 22, 20, 17, 20]
Unsafe:  [32, 26, 23, 22, 20, 17, 20]
Unsafe-ish!
######
Unsafe:  [40, 36, 35, 33, 33]
Unsafe:  [36, 35, 33, 33]
Unsafe:  [40, 35, 33, 33]
Unsafe-ish!
######
Unsafe:  [86, 82, 80, 77, 73]
Unsafe:  [82, 80, 77, 73]
Unsafe:  [86, 80, 77, 73]
Unsafe-ish!
######
Unsafe:  [55, 51, 48, 45, 44, 38]
Unsafe:  [51, 48, 45, 44, 38]
Unsafe:  [55, 48, 45, 44, 38]
Unsafe-ish!
######
Unsafe:  [68, 64, 62, 61, 59, 62, 59, 56]
Unsafe:  [64, 62, 61, 59, 62, 59, 56]
Unsafe:  [68, 62, 61, 59, 62, 59, 56]
Unsafe-ish!
######
Unsafe:  [57, 53, 55, 53, 56]
Unsafe:  [53, 55, 53, 56]
Unsafe:  [57, 55, 53, 56]
Unsafe-ish!
######
Unsafe:  [56, 52, 55, 53, 51, 50, 50]
Unsafe:  [52, 55, 53, 51, 50, 50]
Unsafe:  [56, 55, 53, 51, 50, 50]
Unsafe-ish!
######
Unsafe:  [28, 24, 22, 23, 21, 18, 14]
Unsafe:  [24, 22, 23, 21, 18, 14]
Unsafe:  [28, 22, 23, 21, 18, 14]
Unsafe-ish!
######
Unsafe:  [99, 95, 93, 92, 91, 92, 87]
Unsafe:  [95, 93, 92, 91, 92, 87]
Unsafe:  [99, 93, 92, 91, 92, 87]
Unsafe-ish!
######
Unsafe:  [69, 65, 63, 60, 60, 58, 56]
Unsafe:  [65, 63, 60, 60, 58, 56]
Unsafe:  [69, 63, 60, 60, 58, 56]
Unsafe-ish!
######
Unsafe:  [46, 42, 39, 37, 37, 38]
Unsafe:  [42, 39, 37, 37, 38]
Unsafe:  [46, 39, 37, 37, 38]
Unsafe-ish!
######
Unsafe:  [34, 30, 30, 27, 27]
Unsafe:  [30, 30, 27, 27]
Unsafe:  [34, 30, 27, 27]
Unsafe-ish!
######
Unsafe:  [74, 70, 70, 68, 65, 61]
Unsafe:  [70, 70, 68, 65, 61]
Unsafe:  [74, 70, 68, 65, 61]
Unsafe-ish!
######
Unsafe:  [31, 27, 27, 26, 23, 16]
Unsafe:  [27, 27, 26, 23, 16]
Unsafe:  [31, 27, 26, 23, 16]
Unsafe-ish!
######
Unsafe:  [70, 66, 65, 61, 60]
Unsafe:  [66, 65, 61, 60]
Unsafe:  [70, 65, 61, 60]
Unsafe-ish!
######
Unsafe:  [98, 94, 92, 90, 89, 86, 82, 85]
Unsafe:  [94, 92, 90, 89, 86, 82, 85]
Unsafe:  [98, 92, 90, 89, 86, 82, 85]
Unsafe-ish!
######
Unsafe:  [18, 14, 11, 7, 6, 3, 3]
Unsafe:  [14, 11, 7, 6, 3, 3]
Unsafe:  [18, 11, 7, 6, 3, 3]
Unsafe-ish!
######
Unsafe:  [92, 88, 85, 81, 80, 78, 75, 71]
Unsafe:  [88, 85, 81, 80, 78, 75, 71]
Unsafe:  [92, 85, 81, 80, 78, 75, 71]
Unsafe-ish!
######
Unsafe:  [97, 93, 92, 88, 87, 84, 78]
Unsafe:  [93, 92, 88, 87, 84, 78]
Unsafe:  [97, 92, 88, 87, 84, 78]
Unsafe-ish!
######
Unsafe:  [22, 18, 11, 10, 9, 6]
Unsafe:  [18, 11, 10, 9, 6]
Unsafe:  [22, 11, 10, 9, 6]
Unsafe-ish!
######
Unsafe:  [39, 35, 33, 30, 24, 21, 24]
Unsafe:  [35, 33, 30, 24, 21, 24]
Unsafe:  [39, 33, 30, 24, 21, 24]
Unsafe-ish!
######
Unsafe:  [24, 20, 19, 14, 11, 8, 7, 7]
Unsafe:  [20, 19, 14, 11, 8, 7, 7]
Unsafe:  [24, 19, 14, 11, 8, 7, 7]
Unsafe-ish!
######
Unsafe:  [30, 26, 24, 17, 13]
Unsafe:  [26, 24, 17, 13]
Unsafe:  [30, 24, 17, 13]
Unsafe-ish!
######
Unsafe:  [88, 84, 77, 75, 73, 71, 65]
Unsafe:  [84, 77, 75, 73, 71, 65]
Unsafe:  [88, 77, 75, 73, 71, 65]
Unsafe-ish!
######
Unsafe:  [72, 67, 64, 63, 62, 61, 58, 55]
Safe:    [67, 64, 63, 62, 61, 58, 55]
######
Unsafe:  [32, 26, 24, 23, 26]
Unsafe:  [26, 24, 23, 26]
Unsafe:  [32, 24, 23, 26]
Unsafe-ish!
######
Unsafe:  [34, 27, 26, 25, 22, 20, 18, 18]
Unsafe:  [27, 26, 25, 22, 20, 18, 18]
Unsafe:  [34, 26, 25, 22, 20, 18, 18]
Unsafe-ish!
######
Unsafe:  [21, 15, 13, 12, 10, 8, 4]
Unsafe:  [15, 13, 12, 10, 8, 4]
Unsafe:  [21, 13, 12, 10, 8, 4]
Unsafe-ish!
######
Unsafe:  [86, 80, 79, 76, 73, 71, 64]
Unsafe:  [80, 79, 76, 73, 71, 64]
Unsafe:  [86, 79, 76, 73, 71, 64]
Unsafe-ish!
######
Unsafe:  [85, 79, 77, 74, 75, 72, 69]
Unsafe:  [79, 77, 74, 75, 72, 69]
Unsafe:  [85, 77, 74, 75, 72, 69]
Unsafe-ish!
######
Unsafe:  [65, 58, 55, 57, 54, 53, 56]
Unsafe:  [58, 55, 57, 54, 53, 56]
Unsafe:  [65, 55, 57, 54, 53, 56]
Unsafe-ish!
######
Unsafe:  [82, 77, 75, 78, 78]
Unsafe:  [77, 75, 78, 78]
Unsafe:  [82, 75, 78, 78]
Unsafe-ish!
######
Unsafe:  [47, 40, 39, 40, 39, 37, 33]
Unsafe:  [40, 39, 40, 39, 37, 33]
Unsafe:  [47, 39, 40, 39, 37, 33]
Unsafe-ish!
######
Unsafe:  [57, 50, 51, 49, 46, 41]
Unsafe:  [50, 51, 49, 46, 41]
Unsafe:  [57, 51, 49, 46, 41]
Unsafe-ish!
######
Unsafe:  [42, 35, 34, 32, 29, 29, 26]
Unsafe:  [35, 34, 32, 29, 29, 26]
Unsafe:  [42, 34, 32, 29, 29, 26]
Unsafe-ish!
######
Unsafe:  [38, 31, 28, 25, 25, 26]
Unsafe:  [31, 28, 25, 25, 26]
Unsafe:  [38, 28, 25, 25, 26]
Unsafe-ish!
######
Unsafe:  [98, 93, 93, 91, 91]
Unsafe:  [93, 93, 91, 91]
Unsafe:  [98, 93, 91, 91]
Unsafe-ish!
######
Unsafe:  [59, 54, 54, 52, 48]
Unsafe:  [54, 54, 52, 48]
Unsafe:  [59, 54, 52, 48]
Unsafe-ish!
######
Unsafe:  [59, 53, 50, 49, 47, 46, 46, 41]
Unsafe:  [53, 50, 49, 47, 46, 46, 41]
Unsafe:  [59, 50, 49, 47, 46, 46, 41]
Unsafe-ish!
######
Unsafe:  [87, 81, 79, 75, 73]
Unsafe:  [81, 79, 75, 73]
Unsafe:  [87, 79, 75, 73]
Unsafe-ish!
######
Unsafe:  [49, 42, 40, 36, 33, 34]
Unsafe:  [42, 40, 36, 33, 34]
Unsafe:  [49, 40, 36, 33, 34]
Unsafe-ish!
######
Unsafe:  [46, 41, 37, 34, 33, 33]
Unsafe:  [41, 37, 34, 33, 33]
Unsafe:  [46, 37, 34, 33, 33]
Unsafe-ish!
######
Unsafe:  [51, 44, 42, 40, 38, 35, 31, 27]
Unsafe:  [44, 42, 40, 38, 35, 31, 27]
Unsafe:  [51, 42, 40, 38, 35, 31, 27]
Unsafe-ish!
######
Unsafe:  [47, 41, 37, 35, 30]
Unsafe:  [41, 37, 35, 30]
Unsafe:  [47, 37, 35, 30]
Unsafe-ish!
######
Unsafe:  [69, 62, 60, 57, 51, 50]
Unsafe:  [62, 60, 57, 51, 50]
Unsafe:  [69, 60, 57, 51, 50]
Unsafe-ish!
######
Unsafe:  [73, 67, 64, 59, 57, 54, 52, 53]
Unsafe:  [67, 64, 59, 57, 54, 52, 53]
Unsafe:  [73, 64, 59, 57, 54, 52, 53]
Unsafe-ish!
######
Unsafe:  [35, 30, 23, 22, 21, 19, 19]
Unsafe:  [30, 23, 22, 21, 19, 19]
Unsafe:  [35, 23, 22, 21, 19, 19]
Unsafe-ish!
######
Unsafe:  [24, 17, 10, 8, 4]
Unsafe:  [17, 10, 8, 4]
Unsafe:  [24, 10, 8, 4]
Unsafe-ish!
######
Unsafe:  [75, 69, 68, 67, 60, 59, 56, 51]
Unsafe:  [69, 68, 67, 60, 59, 56, 51]
Unsafe:  [75, 68, 67, 60, 59, 56, 51]
Unsafe-ish!
######
Unsafe:  [28, 32, 34, 37, 38, 38, 41, 42]
Unsafe:  [32, 34, 37, 38, 38, 41, 42]
Unsafe:  [28, 34, 37, 38, 38, 41, 42]
Unsafe-ish!
######
Unsafe:  [4, 1, 3, 1, 1]
Unsafe:  [1, 3, 1, 1]
Unsafe:  [4, 3, 1, 1]
Unsafe-ish!
######
Unsafe:  [26, 32, 35, 36, 37, 40, 43]
Safe:    [32, 35, 36, 37, 40, 43]
######
Unsafe:  [48, 44, 43, 46, 43, 42, 45]
Unsafe:  [44, 43, 46, 43, 42, 45]
Unsafe:  [48, 43, 46, 43, 42, 45]
Unsafe-ish!
######
Unsafe:  [43, 43, 41, 41, 39, 38, 35, 34]
Unsafe:  [43, 41, 41, 39, 38, 35, 34]
Unsafe:  [43, 41, 41, 39, 38, 35, 34]
Unsafe-ish!
######
Unsafe:  [71, 67, 68, 67, 62]
Unsafe:  [67, 68, 67, 62]
Unsafe:  [71, 68, 67, 62]
Unsafe-ish!
######
Unsafe:  [84, 80, 77, 73, 72, 71, 67]
Unsafe:  [80, 77, 73, 72, 71, 67]
Unsafe:  [84, 77, 73, 72, 71, 67]
Unsafe-ish!
######
Unsafe:  [57, 61, 62, 63, 64, 65, 68, 72]
Unsafe:  [61, 62, 63, 64, 65, 68, 72]
Unsafe:  [57, 62, 63, 64, 65, 68, 72]
Unsafe-ish!
######
Unsafe:  [78, 83, 80, 82, 79]
Unsafe:  [83, 80, 82, 79]
Unsafe:  [78, 80, 82, 79]
Unsafe-ish!
######
Unsafe:  [52, 52, 55, 56, 57, 60, 63, 63]
Unsafe:  [52, 55, 56, 57, 60, 63, 63]
Unsafe:  [52, 55, 56, 57, 60, 63, 63]
Unsafe-ish!
######
Unsafe:  [75, 75, 72, 70, 66, 64]
Unsafe:  [75, 72, 70, 66, 64]
Unsafe:  [75, 72, 70, 66, 64]
Unsafe-ish!
######
Unsafe:  [14, 15, 13, 12, 13, 16]
Unsafe:  [14, 13, 12, 13, 16]
Unsafe:  [14, 15, 12, 13, 16]
Unsafe-ish!
######
Unsafe:  [54, 58, 60, 62, 64, 67, 67]
Unsafe:  [58, 60, 62, 64, 67, 67]
Unsafe:  [54, 60, 62, 64, 67, 67]
Unsafe-ish!
######
Unsafe:  [52, 54, 55, 60, 60]
Unsafe:  [52, 54, 60, 60]
Unsafe:  [52, 54, 55, 60]
Unsafe-ish!
######
Unsafe:  [56, 56, 58, 61, 63, 64, 67, 69]
Safe:    [56, 58, 61, 63, 64, 67, 69]
######
Unsafe:  [48, 51, 53, 56, 57, 61, 64]
Unsafe:  [48, 51, 53, 56, 61, 64]
Unsafe:  [48, 51, 53, 56, 57, 64]
Unsafe-ish!
######
Unsafe:  [61, 68, 70, 73, 74, 75, 76, 74]
Unsafe:  [68, 70, 73, 74, 75, 76, 74]
Unsafe:  [61, 70, 73, 74, 75, 76, 74]
Unsafe-ish!
######
Unsafe:  [43, 43, 45, 47, 49, 48, 52]
Unsafe:  [43, 45, 47, 49, 48, 52]
Unsafe:  [43, 45, 47, 49, 48, 52]
Unsafe-ish!
######
Unsafe:  [42, 40, 39, 38, 37, 34, 31, 31]
Safe:    [42, 40, 39, 38, 37, 34, 31]
######
Unsafe:  [92, 92, 91, 86, 85, 82, 80, 83]
Unsafe:  [92, 91, 86, 85, 82, 80, 83]
Unsafe:  [92, 91, 86, 85, 82, 80, 83]
Unsafe-ish!
######
Unsafe:  [52, 50, 48, 45, 48]
Unsafe:  [50, 48, 45, 48]
Unsafe:  [52, 48, 45, 48]
Unsafe-ish!
######
Unsafe:  [68, 65, 67, 71, 71]
Unsafe:  [65, 67, 71, 71]
Unsafe:  [68, 67, 71, 71]
Unsafe-ish!
######
Unsafe:  [48, 45, 47, 49, 51, 52, 52]
Unsafe:  [45, 47, 49, 51, 52, 52]
Unsafe:  [48, 47, 49, 51, 52, 52]
Unsafe-ish!
######
Unsafe:  [72, 72, 75, 76, 74]
Unsafe:  [72, 75, 76, 74]
Unsafe:  [72, 75, 76, 74]
Unsafe-ish!
######
Unsafe:  [83, 79, 75, 74, 73, 72, 70]
Unsafe:  [79, 75, 74, 73, 72, 70]
Unsafe:  [83, 75, 74, 73, 72, 70]
Unsafe-ish!
######
Unsafe:  [32, 38, 36, 39, 40, 42, 42]
Unsafe:  [38, 36, 39, 40, 42, 42]
Unsafe:  [32, 36, 39, 40, 42, 42]
Unsafe-ish!
######
Unsafe:  [30, 33, 35, 35, 40]
Unsafe:  [30, 33, 35, 40]
Unsafe:  [30, 33, 35, 40]
Unsafe-ish!
######
Unsafe:  [85, 78, 75, 68, 68]
Unsafe:  [78, 75, 68, 68]
Unsafe:  [85, 75, 68, 68]
Unsafe-ish!
######
Unsafe:  [65, 69, 70, 72, 78, 79, 84]
Unsafe:  [69, 70, 72, 78, 79, 84]
Unsafe:  [65, 70, 72, 78, 79, 84]
Unsafe-ish!
######
Unsafe:  [99, 94, 91, 88, 87, 86, 85, 81]
Unsafe:  [94, 91, 88, 87, 86, 85, 81]
Unsafe:  [99, 91, 88, 87, 86, 85, 81]
Unsafe-ish!
######
Unsafe:  [6, 5, 7, 6, 6]
Unsafe:  [5, 7, 6, 6]
Unsafe:  [6, 7, 6, 6]
Unsafe-ish!
######
Unsafe:  [7, 5, 3, 5, 8, 13]
Unsafe:  [5, 3, 5, 8, 13]
Unsafe:  [7, 3, 5, 8, 13]
Unsafe-ish!
######
Unsafe:  [78, 79, 77, 75, 73, 66, 59]
Unsafe:  [78, 77, 75, 73, 66, 59]
Unsafe:  [78, 79, 75, 73, 66, 59]
Unsafe-ish!
######
Unsafe:  [44, 42, 41, 39, 36, 32, 30]
Unsafe:  [44, 42, 41, 39, 32, 30]
Unsafe:  [44, 42, 41, 39, 36, 30]
Unsafe-ish!
######
Unsafe:  [7, 9, 11, 12, 14, 17, 24, 28]
Unsafe:  [7, 9, 11, 12, 14, 24, 28]
Unsafe:  [7, 9, 11, 12, 14, 17, 28]
Unsafe-ish!
######
Unsafe:  [32, 36, 38, 39, 42, 44, 48, 51]
Unsafe:  [36, 38, 39, 42, 44, 48, 51]
Unsafe:  [32, 38, 39, 42, 44, 48, 51]
Unsafe-ish!
######
Unsafe:  [45, 49, 51, 57, 59, 63]
Unsafe:  [49, 51, 57, 59, 63]
Unsafe:  [45, 51, 57, 59, 63]
Unsafe-ish!
######
Unsafe:  [66, 60, 56, 53, 55]
Unsafe:  [60, 56, 53, 55]
Unsafe:  [66, 56, 53, 55]
Unsafe-ish!
######
Unsafe:  [24, 27, 28, 33, 34]
Unsafe:  [24, 27, 33, 34]
Unsafe:  [24, 27, 28, 34]
Unsafe-ish!
######
Unsafe:  [27, 29, 25, 23, 22, 24]
Unsafe:  [27, 25, 23, 22, 24]
Unsafe:  [27, 29, 23, 22, 24]
Unsafe-ish!
######
Unsafe:  [59, 58, 60, 59, 57, 50]
Unsafe:  [58, 60, 59, 57, 50]
Unsafe:  [59, 60, 59, 57, 50]
Unsafe-ish!
######
Unsafe:  [69, 72, 73, 75, 76, 76, 80]
Unsafe:  [69, 72, 73, 75, 76, 80]
Unsafe:  [69, 72, 73, 75, 76, 80]
Unsafe-ish!
######
Unsafe:  [56, 51, 54, 53, 52, 45]
Unsafe:  [51, 54, 53, 52, 45]
Unsafe:  [56, 54, 53, 52, 45]
Unsafe-ish!
######
Unsafe:  [17, 18, 17, 14, 10, 8, 5]
Unsafe:  [17, 17, 14, 10, 8, 5]
Unsafe:  [17, 18, 14, 10, 8, 5]
Unsafe-ish!
######
Unsafe:  [32, 33, 34, 36, 36, 36]
Unsafe:  [32, 33, 34, 36, 36]
Unsafe:  [32, 33, 34, 36, 36]
Unsafe-ish!
######
Unsafe:  [24, 29, 32, 33, 30, 32, 33, 37]
Unsafe:  [29, 32, 33, 30, 32, 33, 37]
Unsafe:  [24, 32, 33, 30, 32, 33, 37]
Unsafe-ish!
######
Unsafe:  [49, 49, 52, 53, 51, 53, 55, 61]
Unsafe:  [49, 52, 53, 51, 53, 55, 61]
Unsafe:  [49, 52, 53, 51, 53, 55, 61]
Unsafe-ish!
######
Unsafe:  [62, 62, 65, 67, 65, 68, 69, 68]
Unsafe:  [62, 65, 67, 65, 68, 69, 68]
Unsafe:  [62, 65, 67, 65, 68, 69, 68]
Unsafe-ish!
######
Unsafe:  [49, 55, 57, 59, 63]
Unsafe:  [55, 57, 59, 63]
Unsafe:  [49, 57, 59, 63]
Unsafe-ish!
######
Unsafe:  [44, 46, 43, 42, 39, 35, 28]
Unsafe:  [44, 43, 42, 39, 35, 28]
Unsafe:  [44, 46, 42, 39, 35, 28]
Unsafe-ish!
######
Unsafe:  [54, 54, 56, 58, 58, 59, 63]
Unsafe:  [54, 56, 58, 58, 59, 63]
Unsafe:  [54, 56, 58, 58, 59, 63]
Unsafe-ish!
######
Unsafe:  [82, 78, 71, 68, 67, 60]
Unsafe:  [78, 71, 68, 67, 60]
Unsafe:  [82, 71, 68, 67, 60]
Unsafe-ish!
######
Unsafe:  [30, 31, 30, 28, 22, 20, 17, 19]
Unsafe:  [30, 30, 28, 22, 20, 17, 19]
Unsafe:  [30, 31, 28, 22, 20, 17, 19]
Unsafe-ish!
######
Unsafe:  [79, 76, 75, 78, 79]
Unsafe:  [76, 75, 78, 79]
Unsafe:  [79, 75, 78, 79]
Unsafe-ish!
######
Unsafe:  [60, 57, 59, 62, 59]
Unsafe:  [57, 59, 62, 59]
Unsafe:  [60, 59, 62, 59]
Unsafe-ish!
######
Unsafe:  [74, 72, 73, 74, 79, 84]
Unsafe:  [72, 73, 74, 79, 84]
Unsafe:  [74, 73, 74, 79, 84]
Unsafe-ish!
######
Unsafe:  [35, 31, 33, 31, 30, 29, 27, 27]
Unsafe:  [31, 33, 31, 30, 29, 27, 27]
Unsafe:  [35, 33, 31, 30, 29, 27, 27]
Unsafe-ish!
######
Unsafe:  [66, 65, 63, 61, 61, 58, 59]
Unsafe:  [65, 63, 61, 61, 58, 59]
Unsafe:  [66, 63, 61, 61, 58, 59]
Unsafe-ish!
######
Unsafe:  [21, 19, 26, 27, 29, 32, 32]
Unsafe:  [19, 26, 27, 29, 32, 32]
Unsafe:  [21, 26, 27, 29, 32, 32]
Unsafe-ish!
######
Unsafe:  [49, 46, 47, 47, 47]
Unsafe:  [46, 47, 47, 47]
Unsafe:  [49, 47, 47, 47]
Unsafe-ish!
######
Unsafe:  [79, 85, 88, 93, 95, 99]
Unsafe:  [85, 88, 93, 95, 99]
Unsafe:  [79, 88, 93, 95, 99]
Unsafe-ish!
######
Unsafe:  [71, 74, 69, 66, 64, 62, 60, 59]
Safe:    [71, 69, 66, 64, 62, 60, 59]
######
Unsafe:  [57, 61, 64, 67, 68, 75]
Unsafe:  [61, 64, 67, 68, 75]
Unsafe:  [57, 64, 67, 68, 75]
Unsafe-ish!
######
Unsafe:  [18, 20, 23, 23, 24, 26, 24]
Unsafe:  [18, 20, 23, 24, 26, 24]
Unsafe:  [18, 20, 23, 24, 26, 24]
Unsafe-ish!
######
Unsafe:  [69, 69, 64, 62, 58]
Unsafe:  [69, 64, 62, 58]
Unsafe:  [69, 64, 62, 58]
Unsafe-ish!
######
Unsafe:  [75, 70, 67, 61, 58, 54]
Unsafe:  [70, 67, 61, 58, 54]
Unsafe:  [75, 67, 61, 58, 54]
Unsafe-ish!
######
Unsafe:  [46, 46, 50, 51, 52, 49]
Unsafe:  [46, 50, 51, 52, 49]
Unsafe:  [46, 50, 51, 52, 49]
Unsafe-ish!
######
Unsafe:  [93, 95, 95, 94, 93]
Unsafe:  [93, 95, 94, 93]
Unsafe:  [93, 95, 94, 93]
Unsafe-ish!
######
Unsafe:  [36, 36, 35, 34, 31, 24, 19]
Unsafe:  [36, 35, 34, 31, 24, 19]
Unsafe:  [36, 35, 34, 31, 24, 19]
Unsafe-ish!
######
Unsafe:  [58, 62, 65, 67, 70]
Safe:    [62, 65, 67, 70]
######
Unsafe:  [19, 15, 13, 13, 10, 11]
Unsafe:  [15, 13, 13, 10, 11]
Unsafe:  [19, 13, 13, 10, 11]
Unsafe-ish!
######
Unsafe:  [63, 61, 63, 61, 60, 59, 58, 54]
Unsafe:  [61, 63, 61, 60, 59, 58, 54]
Unsafe:  [63, 63, 61, 60, 59, 58, 54]
Unsafe-ish!
######
Unsafe:  [53, 53, 53, 55, 56]
Unsafe:  [53, 53, 55, 56]
Unsafe:  [53, 53, 55, 56]
Unsafe-ish!
######
Unsafe:  [17, 21, 23, 24, 31, 33, 34, 31]
Unsafe:  [21, 23, 24, 31, 33, 34, 31]
Unsafe:  [17, 23, 24, 31, 33, 34, 31]
Unsafe-ish!
######
Unsafe:  [31, 24, 24, 23, 17]
Unsafe:  [24, 24, 23, 17]
Unsafe:  [31, 24, 23, 17]
Unsafe-ish!
######
Unsafe:  [45, 45, 42, 40, 38, 36, 36]
Unsafe:  [45, 42, 40, 38, 36, 36]
Unsafe:  [45, 42, 40, 38, 36, 36]
Unsafe-ish!
######
Unsafe:  [11, 17, 22, 23, 24, 25, 24]
Unsafe:  [17, 22, 23, 24, 25, 24]
Unsafe:  [11, 22, 23, 24, 25, 24]
Unsafe-ish!
######
Unsafe:  [27, 27, 30, 28, 27, 24, 23, 19]
Unsafe:  [27, 30, 28, 27, 24, 23, 19]
Unsafe:  [27, 30, 28, 27, 24, 23, 19]
Unsafe-ish!
######
Unsafe:  [96, 98, 95, 95, 95]
Unsafe:  [96, 95, 95, 95]
Unsafe:  [96, 98, 95, 95]
Unsafe-ish!
######
Unsafe:  [39, 39, 39, 37, 36, 32]
Unsafe:  [39, 39, 37, 36, 32]
Unsafe:  [39, 39, 37, 36, 32]
Unsafe-ish!
######
Unsafe:  [22, 24, 18, 17, 13]
Unsafe:  [22, 18, 17, 13]
Unsafe:  [22, 24, 17, 13]
Unsafe-ish!
######
Unsafe:  [13, 17, 20, 20, 22, 26]
Unsafe:  [17, 20, 20, 22, 26]
Unsafe:  [13, 20, 20, 22, 26]
Unsafe-ish!
######
Unsafe:  [55, 62, 63, 65, 69, 73]
Unsafe:  [62, 63, 65, 69, 73]
Unsafe:  [55, 63, 65, 69, 73]
Unsafe-ish!
######
Unsafe:  [89, 82, 81, 79, 79]
Unsafe:  [82, 81, 79, 79]
Unsafe:  [89, 81, 79, 79]
Unsafe-ish!
######
Unsafe:  [90, 90, 86, 84, 81, 80, 80]
Unsafe:  [90, 86, 84, 81, 80, 80]
Unsafe:  [90, 86, 84, 81, 80, 80]
Unsafe-ish!
######
Unsafe:  [78, 73, 70, 67, 68, 67, 66, 66]
Unsafe:  [73, 70, 67, 68, 67, 66, 66]
Unsafe:  [78, 70, 67, 68, 67, 66, 66]
Unsafe-ish!
######
Unsafe:  [32, 39, 41, 43, 47, 50, 51]
Unsafe:  [39, 41, 43, 47, 50, 51]
Unsafe:  [32, 41, 43, 47, 50, 51]
Unsafe-ish!
######
Unsafe:  [78, 76, 77, 78, 82, 89]
Unsafe:  [76, 77, 78, 82, 89]
Unsafe:  [78, 77, 78, 82, 89]
Unsafe-ish!
######
Unsafe:  [23, 23, 26, 28, 32]
Unsafe:  [23, 26, 28, 32]
Unsafe:  [23, 26, 28, 32]
Unsafe-ish!
######
Unsafe:  [63, 65, 64, 64, 65]
Unsafe:  [63, 64, 64, 65]
Unsafe:  [63, 65, 64, 65]
Unsafe-ish!
######
Unsafe:  [2, 6, 8, 15, 17, 17]
Unsafe:  [6, 8, 15, 17, 17]
Unsafe:  [2, 8, 15, 17, 17]
Unsafe-ish!
######
Unsafe:  [53, 48, 47, 49, 46, 45, 43]
Unsafe:  [48, 47, 49, 46, 45, 43]
Unsafe:  [53, 47, 49, 46, 45, 43]
Unsafe-ish!
######
Unsafe:  [35, 30, 29, 28, 26]
Safe:    [30, 29, 28, 26]
######
Unsafe:  [36, 36, 34, 32, 29, 23]
Unsafe:  [36, 34, 32, 29, 23]
Unsafe:  [36, 34, 32, 29, 23]
Unsafe-ish!
######
Unsafe:  [42, 43, 44, 47, 46, 49]
Safe:    [42, 43, 44, 46, 49]
######
Unsafe:  [61, 67, 70, 70, 77]
Unsafe:  [67, 70, 70, 77]
Unsafe:  [61, 70, 70, 77]
Unsafe-ish!
######
Unsafe:  [63, 60, 65, 67, 70, 67]
Unsafe:  [60, 65, 67, 70, 67]
Unsafe:  [63, 65, 67, 70, 67]
Unsafe-ish!
######
Unsafe:  [10, 10, 12, 9, 6, 5, 2, 3]
Unsafe:  [10, 12, 9, 6, 5, 2, 3]
Unsafe:  [10, 12, 9, 6, 5, 2, 3]
Unsafe-ish!
######
Unsafe:  [40, 42, 46, 49, 50, 50]
Unsafe:  [40, 46, 49, 50, 50]
Unsafe:  [40, 42, 49, 50, 50]
Unsafe-ish!
######
Unsafe:  [54, 61, 63, 61, 64, 66, 72]
Unsafe:  [61, 63, 61, 64, 66, 72]
Unsafe:  [54, 63, 61, 64, 66, 72]
Unsafe-ish!
######
Unsafe:  [85, 84, 82, 80, 78, 76, 76, 70]
Unsafe:  [85, 84, 82, 80, 78, 76, 70]
Unsafe:  [85, 84, 82, 80, 78, 76, 70]
Unsafe-ish!
######
Unsafe:  [63, 67, 70, 77, 78, 81]
Unsafe:  [67, 70, 77, 78, 81]
Unsafe:  [63, 70, 77, 78, 81]
Unsafe-ish!
######
Safe:    [84, 83, 81, 79, 78, 77]
######
Safe:    [30, 31, 32, 34, 37, 40, 41, 43]
######
Safe:    [36, 37, 39, 40, 42, 44, 46]
######
Safe:    [91, 89, 87, 86, 83]
######
Safe:    [85, 83, 80, 79, 76]
######
Safe:    [89, 88, 85, 83, 81]
######
Safe:    [36, 33, 32, 29, 26, 24, 23]
######
Safe:    [36, 39, 40, 43, 45, 46, 48, 49]
######
Safe:    [64, 61, 59, 58, 56, 55, 52, 51]
######
Safe:    [84, 83, 82, 80, 78]
######
Safe:    [18, 19, 21, 23, 25]
######
Safe:    [15, 13, 11, 10, 7, 4]
######
Safe:    [42, 43, 46, 49, 50, 52, 54]
######
Safe:    [38, 36, 35, 32, 30, 28, 26, 23]
######
Safe:    [34, 32, 30, 28, 25]
######
Safe:    [46, 44, 42, 40, 37, 34]
######
Safe:    [37, 36, 35, 33, 30, 27, 26, 25]
######
Safe:    [75, 74, 71, 69, 68, 65, 62]
######
Safe:    [34, 37, 38, 39, 42, 43, 46]
######
Safe:    [69, 68, 66, 65, 64, 63]
######
Safe:    [58, 59, 62, 63, 66]
######
Safe:    [81, 78, 76, 73, 72]
######
Safe:    [86, 84, 83, 80, 78, 76, 74, 73]
######
Safe:    [63, 61, 58, 57, 56, 54, 53, 52]
######
Safe:    [40, 37, 34, 33, 31, 28, 27]
######
Safe:    [46, 43, 40, 37, 36, 34]
######
Safe:    [8, 9, 11, 13, 14, 17]
######
Safe:    [29, 26, 25, 23, 21, 18, 15]
######
Safe:    [2, 5, 7, 8, 11, 14, 15, 16]
######
Safe:    [71, 69, 67, 66, 65, 63, 62]
######
Safe:    [13, 14, 15, 16, 19, 21]
######
Safe:    [23, 25, 28, 29, 30, 31, 34]
######
Safe:    [20, 22, 24, 25, 28, 31]
######
Safe:    [85, 84, 82, 79, 77, 75, 74, 72]
######
Safe:    [79, 78, 77, 74, 71, 68, 65, 64]
######
Safe:    [72, 70, 67, 66, 64, 63, 62]
######
Safe:    [80, 77, 76, 75, 72, 71, 68]
######
Safe:    [40, 42, 44, 45, 47, 50]
######
Safe:    [91, 89, 88, 87, 85, 83, 81]
######
Safe:    [53, 52, 49, 48, 46, 44, 42]
######
Safe:    [44, 47, 49, 51, 53, 54, 57, 59]
######
Safe:    [66, 65, 63, 62, 59, 56]
######
Safe:    [33, 34, 36, 37, 40]
######
Safe:    [80, 81, 82, 84, 87, 89]
######
Safe:    [26, 29, 30, 31, 32, 34, 35, 38]
######
Safe:    [63, 60, 59, 57, 56, 54]
######
Safe:    [67, 70, 72, 75, 77, 80, 81]
######
Safe:    [77, 76, 74, 73, 72, 69, 67, 66]
######
Safe:    [73, 75, 77, 80, 81, 84, 87]
######
Safe:    [97, 94, 91, 90, 89, 87]
######
Safe:    [49, 51, 52, 55, 57, 59]
######
Safe:    [77, 79, 81, 83, 86, 88, 91]
######
Safe:    [88, 91, 94, 95, 96]
######
Safe:    [13, 12, 9, 8, 5]
######
Safe:    [36, 35, 33, 32, 31]
######
Safe:    [87, 85, 84, 82, 79]
######
Safe:    [25, 28, 31, 34, 36, 39, 41, 43]
######
Safe:    [75, 78, 81, 82, 84, 87, 89, 92]
######
Safe:    [28, 31, 33, 36, 39, 41, 43, 44]
######
Safe:    [11, 14, 16, 17, 19]
######
Safe:    [80, 79, 76, 75, 72, 69, 68, 67]
######
Safe:    [80, 83, 84, 86, 88, 89, 91]
######
Safe:    [13, 14, 17, 20, 22, 24, 27]
######
Safe:    [17, 20, 23, 25, 26, 28, 30, 31]
######
Safe:    [47, 48, 50, 53, 55, 57]
######
Safe:    [61, 62, 65, 68, 71, 74]
######
Safe:    [70, 69, 68, 67, 66, 65]
######
Safe:    [91, 90, 87, 86, 84, 83, 80]
######
Safe:    [65, 66, 68, 71, 74, 75, 77, 80]
######
Safe:    [21, 18, 15, 12, 9, 7, 6]
######
Safe:    [17, 20, 21, 22, 25, 28]
######
Safe:    [79, 80, 81, 83, 86, 87]
######
Safe:    [21, 18, 17, 15, 13]
######
Safe:    [96, 95, 92, 89, 88]
######
Safe:    [67, 66, 64, 62, 59, 58]
######
Safe:    [20, 17, 14, 13, 11, 8, 6, 4]
######
Safe:    [41, 38, 37, 34, 33, 31, 29]
######
Safe:    [47, 44, 41, 39, 37]
######
Safe:    [11, 8, 6, 4, 3, 2, 1]
######
Safe:    [62, 61, 59, 56, 53, 52, 49]
######
Safe:    [53, 50, 48, 45, 43, 40, 37, 34]
######
Safe:    [62, 59, 58, 57, 56, 53, 51]
######
Safe:    [47, 44, 43, 42, 41, 40, 37]
######
Safe:    [39, 40, 42, 43, 46, 48, 49]
######
Safe:    [86, 83, 80, 78, 75, 72, 71, 68]
######
Safe:    [5, 6, 8, 9, 12, 13, 14]
######
Safe:    [33, 34, 37, 40, 41, 42]
######
Safe:    [92, 89, 86, 83, 80, 78]
######
Safe:    [82, 85, 87, 89, 92, 93, 95]
######
Safe:    [70, 68, 66, 64, 63, 62, 59]
######
Safe:    [65, 63, 60, 59, 56, 53, 51]
######
Safe:    [4, 7, 8, 10, 11, 14, 15]
######
Safe:    [63, 65, 68, 71, 74, 75, 77]
######
Safe:    [58, 60, 62, 64, 65, 68, 69]
######
Safe:    [10, 11, 13, 16, 19]
######
Safe:    [55, 56, 58, 61, 62]
######
Safe:    [38, 36, 34, 32, 31, 29, 27]
######
Safe:    [28, 25, 23, 20, 17, 14]
######
Safe:    [8, 9, 11, 13, 14, 17, 18]
######
Safe:    [2, 4, 5, 8, 9]
######
Safe:    [34, 36, 39, 41, 43, 44, 45, 46]
######
Safe:    [30, 31, 32, 35, 36, 37, 38]
######
Safe:    [88, 87, 86, 83, 80]
######
Safe:    [29, 30, 31, 34, 37, 40, 41]
######
Safe:    [14, 16, 19, 22, 25]
######
Safe:    [75, 74, 71, 68, 67]
######
Safe:    [88, 91, 94, 97, 98]
######
Safe:    [79, 76, 75, 73, 71, 69, 66, 65]
######
Safe:    [91, 90, 87, 85, 84, 81]
######
Safe:    [95, 94, 92, 91, 88, 85]
######
Safe:    [85, 82, 79, 77, 76, 75, 72, 70]
######
Safe:    [17, 20, 21, 24, 27, 30, 32]
######
Safe:    [70, 68, 67, 65, 62, 60, 58]
######
Safe:    [64, 65, 68, 71, 73]
######
Safe:    [38, 35, 34, 32, 31, 30]
######
Safe:    [79, 78, 76, 75, 74]
######
Safe:    [67, 69, 72, 75, 77, 78]
######
Safe:    [61, 64, 66, 67, 68, 69]
######
Safe:    [56, 53, 50, 48, 45]
######
Safe:    [60, 61, 63, 64, 67]
######
Safe:    [7, 9, 11, 14, 17, 19, 20, 21]
######
Safe:    [4, 7, 10, 12, 13]
######
Safe:    [67, 66, 64, 61, 58, 56]
######
Safe:    [64, 63, 61, 58, 56, 53, 52, 49]
######
Safe:    [67, 66, 64, 62, 60, 57, 55]
######
Safe:    [45, 48, 49, 52, 55, 58]
######
Safe:    [17, 19, 22, 24, 27]
######
Safe:    [44, 42, 40, 38, 36, 33, 31]
######
Safe:    [44, 42, 39, 38, 36, 35]
######
Safe:    [89, 86, 85, 82, 80, 79]
######
Safe:    [3, 5, 8, 10, 13, 15, 18]
######
Safe:    [61, 63, 66, 69, 70, 73, 75]
######
Safe:    [20, 21, 23, 25, 27, 29, 32, 34]
######
Safe:    [15, 16, 18, 21, 22, 23]
######
Safe:    [76, 74, 71, 68, 65, 62, 60]
######
Safe:    [11, 13, 16, 17, 18, 19]
######
Safe:    [89, 87, 85, 84, 83]
######
Safe:    [79, 81, 82, 83, 86]
######
Safe:    [25, 26, 28, 31, 32, 34, 36]
######
Safe:    [14, 16, 18, 21, 24, 26, 28]
######
Safe:    [37, 39, 42, 44, 45, 48, 51]
######
Safe:    [27, 29, 32, 33, 35, 36, 39]
######
Safe:    [79, 81, 83, 84, 85, 87]
######
Safe:    [67, 70, 73, 75, 77]
######
Safe:    [6, 7, 9, 11, 12]
######
Safe:    [18, 15, 12, 11, 9]
######
Safe:    [39, 37, 35, 33, 32, 29, 27]
######
Safe:    [24, 25, 26, 28, 30, 33, 35, 36]
######
Safe:    [11, 14, 17, 19, 20, 21, 22]
######
Safe:    [38, 35, 33, 30, 27, 26]
######
Safe:    [63, 60, 59, 57, 56, 53]
######
Safe:    [87, 88, 91, 92, 93, 94, 96, 99]
######
Safe:    [86, 87, 88, 90, 91, 94]
######
Safe:    [82, 85, 88, 89, 91, 93, 95]
######
Safe:    [72, 74, 75, 78, 80, 82, 85]
######
Safe:    [62, 64, 65, 68, 71, 73]
######
Safe:    [94, 91, 88, 87, 85]
######
Safe:    [81, 80, 77, 76, 74, 72, 69, 67]
######
Safe:    [91, 92, 95, 96, 99]
######
Safe:    [79, 77, 75, 74, 72, 71]
######
Safe:    [38, 39, 42, 45, 48]
######
Safe:    [18, 19, 21, 22, 25, 27, 28]
######
Safe:    [33, 31, 30, 27, 25, 23, 22]
######
Safe:    [72, 73, 76, 78, 81, 83, 86, 89]
######
Safe:    [80, 78, 76, 73, 72, 69, 66, 64]
######
Safe:    [38, 35, 33, 31, 30, 27]
######
Safe:    [79, 76, 74, 71, 69, 67]
######
Safe:    [38, 40, 41, 42, 43, 45, 47, 50]
######
Safe:    [36, 39, 42, 45, 46, 47, 49]
######
Safe:    [23, 25, 28, 29, 30, 33]
######
Safe:    [91, 90, 88, 85, 82, 81]
######
Safe:    [84, 85, 86, 88, 89, 90]
######
Safe:    [65, 63, 61, 60, 58, 56]
######
Safe:    [38, 36, 35, 32, 31]
######
Safe:    [85, 83, 82, 79, 77, 75, 72]
######
Safe:    [50, 52, 55, 58, 60, 62, 64]
######
Safe:    [62, 59, 56, 53, 52]
######
Safe:    [67, 69, 71, 73, 74, 76]
######
Safe:    [72, 69, 68, 66, 64, 61]
######
Safe:    [60, 62, 65, 67, 68, 69, 70]
######
Safe:    [87, 89, 90, 93, 95, 96]
######
Safe:    [61, 59, 57, 55, 52, 51, 48, 46]
######
Safe:    [79, 81, 84, 85, 88, 91]
######
Safe:    [55, 52, 51, 48, 47, 44]
######
Safe:    [96, 93, 91, 89, 88, 86]
######
Safe:    [22, 20, 17, 16, 14, 12]
######
Safe:    [1, 4, 6, 7, 10, 12, 13]
######
Safe:    [61, 59, 58, 55, 53]
######
Safe:    [50, 47, 44, 43, 42, 40, 37, 34]
######
Safe:    [17, 19, 20, 23, 26]
######
Safe:    [37, 35, 34, 33, 31, 30, 28, 27]
######
Safe:    [61, 63, 66, 69, 72]
######
Safe:    [75, 72, 69, 68, 66]
######
Safe:    [23, 22, 20, 19, 17, 16, 15, 14]
######
Safe:    [77, 80, 82, 84, 85, 87]
######
Safe:    [98, 95, 94, 92, 90, 89]
######
Safe:    [57, 59, 60, 63, 65, 66, 67, 69]
######
Safe:    [50, 49, 47, 44, 43, 40]
######
Safe:    [81, 80, 79, 76, 74, 73, 72, 69]
######
Safe:    [36, 37, 39, 40, 41, 44]
######
Safe:    [37, 36, 34, 31, 28]
######
Safe:    [27, 24, 23, 21, 18]
######
Safe:    [4, 6, 9, 11, 12, 15]
######
Safe:    [2, 4, 7, 9, 12]
######
Safe:    [51, 49, 46, 43, 41, 39, 37, 36]
######
Safe:    [18, 16, 15, 12, 9, 6]
######
Safe:    [79, 81, 84, 85, 86]
######
Safe:    [98, 96, 93, 92, 89, 88, 86, 85]
######
Safe:    [75, 77, 79, 82, 85]
######
Safe:    [63, 62, 59, 57, 56, 55, 53]
######
Safe:    [25, 27, 29, 31, 33]
######
Safe:    [19, 21, 23, 24, 27, 29, 30]
######
Safe:    [46, 45, 42, 41, 39, 36, 34, 32]
######
Safe:    [48, 45, 44, 41, 39, 38, 36]
######
Safe:    [68, 69, 70, 72, 75, 77, 78, 80]
######
Safe:    [30, 33, 34, 36, 37, 39]
######
Safe:    [45, 46, 48, 50, 53, 55, 56]
######
Safe:    [75, 78, 79, 82, 84, 86, 87]
######
Safe:    [78, 81, 83, 85, 86]
######
Safe:    [16, 17, 20, 22, 25, 26, 27]
######
Safe:    [79, 77, 76, 73, 72, 70, 68]
######
Safe:    [96, 95, 93, 90, 88, 86, 84, 81]
######
Safe:    [55, 56, 58, 60, 62]
######
Safe:    [63, 66, 69, 70, 72, 75, 76, 77]
######
Safe:    [10, 11, 14, 15, 16, 18]
######
Safe:    [89, 87, 85, 82, 81, 80, 77, 76]
######
Safe:    [59, 56, 54, 52, 51, 49]
######
Safe:    [35, 38, 41, 42, 43]
######
Safe:    [79, 76, 73, 70, 69, 67]
######
Safe:    [89, 88, 85, 83, 81, 78, 75, 74]
######
Safe:    [14, 17, 20, 22, 25, 26, 27]
######
Safe:    [18, 21, 23, 25, 26, 28, 31, 33]
######
Safe:    [93, 92, 90, 89, 86]
######
Safe:    [33, 32, 29, 26, 25, 22]
######
Safe:    [17, 16, 13, 11, 8]
######
Safe:    [72, 75, 77, 78, 80, 83]
######
Safe:    [85, 88, 89, 92, 94]
######
Safe:    [14, 15, 16, 19, 22]
######
Safe:    [65, 67, 69, 70, 72, 74, 76, 79]
######
Safe:    [81, 79, 77, 75, 74, 73, 70]
######
Safe:    [63, 61, 58, 57, 54]
######
Safe:    [82, 84, 86, 89, 92, 95]
######
Safe:    [55, 54, 51, 48, 46]
######
Safe:    [47, 49, 50, 52, 55, 56, 58]
######
Safe:    [10, 9, 6, 5, 3]
######
Safe:    [20, 22, 24, 26, 28, 31]
######
Safe:    [38, 35, 33, 31, 28, 26]
######
Safe:    [35, 32, 30, 28, 25, 23, 21, 19]
######
Safe:    [57, 56, 54, 51, 50, 47]
######
Safe:    [77, 78, 79, 80, 82]
######
Safe:    [15, 18, 19, 22, 25, 27, 29, 30]
######
Safe:    [17, 14, 13, 10, 7, 5]
######
Safe:    [16, 13, 10, 8, 7]
######
Safe:    [25, 27, 28, 29, 30, 33, 34, 35]
######
Safe:    [50, 51, 52, 53, 55]
######
Safe:    [66, 65, 62, 59, 58, 56, 55, 54]
######
Safe:    [84, 86, 89, 90, 92]
######
Safe:    [72, 70, 67, 64, 62, 60, 58]
######
Safe:    [44, 41, 39, 36, 34, 33]
######
Safe:    [13, 14, 17, 19, 21, 23, 25]
######
Safe:    [91, 89, 86, 85, 84]
######
Safe:    [84, 83, 82, 81, 80, 78, 76, 74]
######
Safe:    [95, 94, 92, 91, 88]
######
Safe:    [78, 79, 81, 84, 86, 88, 89]
######
Safe:    [64, 65, 66, 68, 70, 73, 75, 77]
######
Safe:    [42, 39, 38, 37, 35]
######
Safe:    [25, 28, 29, 31, 32, 34, 37, 39]
######
Safe:    [62, 60, 59, 57, 54]
######
Safe:    [18, 17, 16, 15, 12, 10, 9]
######
Safe:    [55, 57, 59, 60, 61]
######
Safe:    [16, 15, 12, 11, 10, 7, 6, 3]
######
Safe:    [63, 62, 59, 57, 55, 52]
######
Safe:    [44, 42, 41, 38, 37]
######
Safe:    [58, 60, 62, 65, 68, 71, 74]
######
Safe:    [82, 83, 86, 88, 90, 93, 95]
######
Safe:    [54, 51, 50, 47, 44]
######
Safe:    [37, 35, 32, 31, 29, 26, 24]
######
Safe:    [52, 50, 48, 45, 43, 40, 38]
######
Safe:    [68, 66, 63, 61, 60, 59]
######
Safe:    [67, 69, 71, 74, 76, 78]
######
Safe:    [6, 7, 8, 9, 11, 12]
######
Safe:    [8, 11, 14, 17, 19, 22, 24, 27]
######
Safe:    [64, 66, 69, 72, 73, 75, 76]
######
Safe:    [32, 35, 37, 38, 40, 42, 45, 47]
######
Safe:    [40, 41, 44, 45, 48]
######
Safe:    [49, 46, 44, 43, 40]
######
Safe:    [45, 43, 42, 40, 39, 38]
######
Safe:    [41, 39, 36, 35, 34, 33, 31, 30]
######
Safe:    [30, 29, 26, 23, 22]
######
Safe:    [83, 80, 77, 74, 72, 69, 67]
######
Safe:    [20, 17, 16, 14, 12, 11, 8]
######
Safe:    [11, 13, 16, 19, 21, 22, 25, 26]
######
Safe:    [5, 7, 9, 11, 13, 15, 17, 20]
######
Safe:    [12, 14, 17, 19, 20]
######
Safe:    [43, 41, 40, 39, 36]
######
Safe:    [31, 30, 29, 27, 25, 22, 19]
######
Safe:    [73, 75, 76, 77, 78, 80, 81]
######
Safe:    [55, 54, 52, 49, 48, 45, 42]
######
Safe:    [72, 70, 67, 66, 64, 63, 62, 60]
######
Safe:    [68, 66, 64, 62, 59, 56, 53, 52]
######
Safe:    [62, 65, 67, 69, 72]
######
Safe:    [31, 33, 35, 38, 39, 42, 44, 46]
######
Safe:    [34, 37, 38, 41, 43, 44, 47]
######
Safe:    [62, 65, 68, 70, 71, 73]
######
Safe:    [44, 41, 40, 39, 36, 33, 31, 30]
######
Safe:    [99, 96, 94, 92, 89, 86]
######
Safe:    [38, 40, 43, 44, 45, 47]
######
Safe:    [9, 6, 4, 2, 1]
######
Safe:    [5, 7, 9, 11, 13, 16, 18]
######
Safe:    [45, 46, 47, 48, 51, 54, 57, 59]
######
Safe:    [43, 40, 38, 36, 34, 33, 30]
######
Safe:    [6, 9, 10, 12, 14, 17]
######
Safe:    [56, 59, 62, 64, 67]
######
Safe:    [24, 22, 21, 19, 17, 16]
######
Safe:    [51, 52, 55, 56, 59, 61, 62, 65]
######
Safe:    [54, 51, 48, 46, 44, 42, 39, 37]
######
Safe:    [90, 87, 86, 84, 81, 79, 78]
######
Safe:    [62, 64, 65, 67, 68, 70]
######
Safe:    [61, 59, 58, 57, 54, 51, 49]
######
Safe:    [64, 62, 61, 60, 57]
######
Safe:    [88, 85, 83, 82, 81, 80]
######
Safe:    [36, 33, 30, 28, 25]
######
Safe:    [39, 37, 34, 31, 29, 26, 23, 20]
######
Safe:    [81, 83, 86, 89, 90]
######
Safe:    [69, 70, 71, 72, 73, 75, 78, 81]
######
Safe:    [68, 70, 73, 74, 75, 78, 79, 81]
######
Safe:    [33, 35, 38, 39, 40, 43, 44, 46]
######
Safe:    [65, 67, 68, 69, 70]
######
Safe:    [85, 82, 80, 78, 77, 75]
######
Safe:    [20, 19, 16, 13, 10, 8, 6]
######
Safe:    [77, 80, 83, 86, 88, 89, 92]
######
Safe:    [99, 96, 93, 90, 88, 85, 83, 81]
######
Safe:    [28, 29, 31, 33, 36, 39]
######
Safe:    [87, 88, 89, 90, 91]
######
Safe:    [75, 77, 80, 83, 84, 87, 89, 90]
######
Safe:    [72, 75, 76, 79, 82, 83, 85]
######
Safe:    [70, 72, 75, 77, 78, 79, 80]
######
Safe:    [78, 80, 82, 84, 86]
######
Safe:    [21, 20, 19, 17, 14, 12, 11, 10]
######
Safe:    [6, 8, 9, 11, 14]
######
Safe:    [54, 51, 50, 49, 47]
######
Safe:    [32, 31, 29, 28, 25, 24, 23]
######
Safe:    [76, 78, 79, 80, 82, 83, 84]
######
Safe:    [31, 28, 26, 23, 22]
######
Safe:    [66, 63, 61, 60, 58]
######
Safe:    [57, 54, 51, 49, 47, 46]
######
Safe:    [49, 51, 54, 57, 60, 61, 62]
######
Safe:    [29, 27, 24, 22, 20, 18, 15, 14]
######
Safe:    [50, 48, 47, 45, 44, 42, 39]
######
Safe:    [14, 12, 11, 9, 7, 6, 3]
######
Safe:    [16, 15, 14, 12, 11, 8]
######
Safe:    [4, 6, 7, 10, 13, 16, 17, 20]
######
Safe:    [21, 24, 26, 27, 29, 32]
######
Safe:    [34, 36, 37, 38, 41, 44]
######
Safe:    [61, 59, 57, 56, 55, 54, 52]
######
Safe:    [74, 71, 69, 67, 66, 64, 63, 62]
######
Safe:    [21, 20, 17, 16, 13, 10]
######
Safe:    [68, 71, 74, 75, 77, 80]
######
Safe:    [50, 52, 53, 55, 56, 59, 60]
######
Safe:    [32, 34, 36, 37, 38]
######
Safe:    [2, 5, 8, 9, 12, 13, 16]
######
Safe:    [16, 14, 12, 9, 6, 3]
######
Safe:    [3, 5, 7, 10, 13, 15, 18, 19]
######
Safe:    [57, 54, 52, 50, 47]
######
Safe:    [54, 52, 50, 48, 46]
######
Safe:    [42, 45, 48, 49, 50]
######
Safe:    [23, 25, 26, 28, 31, 34]
######
Safe:    [64, 61, 58, 57, 56, 54]
######
Safe:    [53, 52, 50, 49, 48, 46, 43]
######
Safe:    [43, 42, 40, 38, 36, 35, 34]
######
Safe:    [95, 93, 91, 88, 86, 85]
######
Safe:    [50, 51, 54, 57, 58, 59, 61, 63]
######
Safe:    [63, 66, 67, 69, 71, 72]
######
Safe:    [20, 19, 17, 16, 15, 14, 12]
######
Safe:    [51, 48, 46, 44, 42]
######
Safe:    [4, 6, 7, 8, 11, 12, 14, 16]
######
Safe:    [18, 17, 14, 12, 11, 10]
######
Safe:    [90, 91, 92, 93, 95, 96, 98]
######
Safe:    [59, 57, 56, 54, 52]
######
Safe:    [76, 74, 71, 69, 67]
######
Safe:    [43, 40, 39, 38, 35]
######
Safe:    [17, 20, 23, 26, 29, 31]
######
Safe:    [76, 73, 70, 69, 68, 65]
######
Safe:    [25, 24, 23, 20, 19, 17, 16]
######
Safe:    [69, 67, 65, 64, 61]
######
Safe:    [49, 46, 43, 40, 39, 37, 34, 31]
######
Safe:    [43, 40, 37, 35, 32]
######
Safe:    [25, 28, 29, 31, 34, 37]
######
Safe:    [52, 51, 48, 47, 45, 43, 42]
######
Safe:    [24, 21, 20, 17, 16, 15, 13, 11]
######
Safe:    [74, 73, 71, 70, 68]
######
Safe:    [9, 10, 11, 13, 15, 18, 20]
######
Safe:    [64, 61, 59, 57, 56, 55]
######
Safe:    [35, 32, 30, 28, 25, 24]
######
Safe:    [18, 19, 22, 23, 24, 27, 29]
######
Safe:    [47, 45, 42, 41, 38, 37, 34, 32]
######
Safe:    [70, 69, 66, 63, 62]
######
Safe:    [20, 17, 14, 13, 12, 11, 8, 5]
######
Safe:    [9, 7, 6, 4, 2]
######
Safe:    [88, 90, 92, 93, 96, 99]
######
Safe:    [75, 76, 77, 78, 80, 83, 84, 86]
######
Safe:    [72, 71, 69, 68, 67, 64]
Number of safe reports: 448
